8746 6523 
3579 4210 
7985 4380 
8543 2296 
1476 2159 
6046 7431 
1371 4921 
2653 2674 
2228 3564 
1560 5699 
1431 4029 
1010 2919 
3216 2042 
8486 4501 
5995 4692 
1552 5354 
1183 2050 
6035 8720 
5686 8302 
5623 5722 
5894 7984 
6483 6131 
5345 4954 
6489 6497 
3608 8471 
8240 4710 
2937 8036 
2937 8425 
3246 5648 
4910 8518 
6285 1359 
7657 6228 
2360 1107 
244 7175 
1379 4596 
3782 5145 
1838 3319 
1906 4654 
5572 2163 
5638 7285 
3356 2489 
6085 3154 
7631 6001 
7286 5841 
8569 866 
5212 274 
4314 5302 
3098 1802 
214 6684 
2194 8004 
527 964 
2191 1629 
6171 3018 
2978 8306 
7007 8452 
5596 2026 
4082 5216 
1041 3475 
5121 8697 
6191 1373 
4077 7719 
656 537 
5946 2243 
3754 5853 
4056 410 
8475 4834 
2914 235 
7823 3045 
2410 1537 
1686 5100 
6279 7935 
2615 1076 
4810 3843 
2457 6859 
6643 4550 
7934 273 
1794 998 
5257 551 
2263 7779 
2443 1347 
1628 4571 
6846 5092 
932 6031 
7359 7861 
3291 8287 
8290 4119 
1910 1206 
8742 5807 
961 3175 
6831 1689 
3504 3586 
4319 985 
4076 5754 
753 4182 
3120 2012 
7199 1932 
5306 6041 
7689 7507 
6550 2210 
2158 7966 
3703 4910 
8707 7027 
2924 8701 
3859 5240 
5701 4216 
4700 8368 
7898 1197 
4360 6494 
464 2198 
439 4103 
940 7752 
2906 1431 
4626 4499 
8285 560 
268 7637 
8329 4126 
1510 4837 
8281 4345 
2510 3271 
2334 1156 
6060 4320 
1854 2854 
202 4838 
6622 6706 
1125 4969 
1450 3221 
3302 3144 
3966 7903 
1794 6083 
1746 7370 
1563 4885 
7840 1835 
1537 4207 
7200 7568 
2450 1728 
5420 6747 
5230 6375 
6022 6459 
1037 2139 
4653 856 
4082 6371 
1163 80 
929 1441 
2356 3917 
1873 4613 
4545 8712 
1205 2721 
67 7555 
6195 2353 
8158 2733 
3668 4934 
8343 4763 
3508 7996 
7198 6785 
2535 6546 
8478 5045 
5016 4553 
3484 3796 
5503 7396 
166 5 
2261 4325 
4643 5059 
5458 8424 
541 6081 
199 3231 
3134 6577 
6259 6029 
5437 6114 
6931 575 
557 5740 
5539 6910 
524 3034 
6238 571 
2105 3249 
3725 329 
7686 4457 
8208 2838 
7017 5205 
11 3405 
5022 1334 
1441 1193 
711 4400 
1044 8662 
4010 526 
1027 7716 
8565 2608 
6867 252 
2331 6118 
2809 5001 
33 2239 
2757 4804 
8009 869 
741 7941 
5702 913 
7807 2322 
6034 1675 
733 5255 
3135 5356 
2596 5382 
2954 2969 
1055 4107 
7381 2983 
5470 6842 
5448 441 
3371 5284 
8052 3967 
7504 8288 
3322 1439 
4165 7240 
4159 1930 
3866 428 
5641 4993 
6812 7534 
5969 2320 
3032 3820 
6389 8508 
4276 7362 
7187 6195 
8442 534 
2985 140 
6733 5346 
5537 5764 
8388 7302 
2314 5078 
2647 5171 
8350 4068 
8099 8090 
8125 8105 
2146 6286 
7683 4101 
7942 3028 
7711 2875 
8394 393 
1956 2157 
4538 7147 
4189 2383 
7968 3979 
242 475 
995 1538 
4900 2995 
5231 7982 
5198 716 
6822 4562 
3714 5199 
1383 3848 
3182 1141 
7568 7379 
8048 2379 
7962 2449 
5889 1199 
7782 6978 
1657 5777 
881 5708 
1291 2831 
8583 8334 
7486 7480 
8332 2800 
2469 7303 
5021 3388 
4407 1389 
3876 3449 
6378 3605 
1426 8403 
4635 3350 
4146 2999 
6781 5032 
1103 7382 
2910 8561 
6134 757 
1886 8325 
5850 3519 
1286 266 
259 5027 
4228 7090 
3105 7910 
7570 4671 
8621 6439 
397 7903 
1159 7806 
294 2697 
2079 2455 
6447 6829 
475 4023 
8423 345 
4296 8033 
1981 7238 
2160 5555 
1731 8346 
189 5699 
4360 632 
3531 4037 
1936 6200 
4528 5945 
6323 8140 
7842 5939 
368 5692 
8592 3125 
7221 777 
3284 7496 
2092 3825 
2461 8185 
6059 2846 
1293 8340 
7982 2108 
2487 5506 
4001 3553 
7924 4496 
2748 7989 
3370 2524 
5064 1321 
1381 8200 
5229 2558 
7821 1651 
6514 8225 
2112 3934 
8232 2777 
3336 4948 
3608 6907 
2317 1560 
2944 5053 
493 6277 
806 3721 
6408 4653 
246 505 
5470 7447 
836 5575 
7520 6699 
6937 6202 
7513 2396 
5639 2621 
3748 3245 
4656 1558 
3824 6950 
4421 6554 
791 6843 
7616 1850 
3651 5529 
816 6688 
3390 797 
8142 6820 
7680 8466 
520 7438 
7818 2742 
3187 3256 
1721 4986 
1910 1211 
5086 6837 
2678 6829 
548 6790 
2304 1169 
7724 275 
3805 7103 
1748 3279 
3659 1390 
934 4650 
48 5208 
4769 2829 
5903 5782 
4671 5096 
1763 5067 
4996 3168 
2819 1978 
5433 3293 
4293 5961 
1319 5290 
7880 2354 
5314 5924 
8457 8668 
1664 2862 
4500 1164 
7915 3970 
5875 3937 
7326 3746 
1479 94 
2004 6843 
6351 8127 
3344 5308 
7832 556 
4381 4711 
3727 4758 
1751 8383 
213 301 
6338 1422 
2446 4581 
8029 2249 
64 2060 
4910 5331 
6654 611 
2981 2849 
7221 2194 
8497 658 
5544 1127 
3696 3783 
42 7731 
7881 4106 
7379 3549 
3303 8327 
5035 8354 
3718 2614 
8054 4783 
7909 3322 
2828 4190 
6235 8141 
5178 3559 
3219 372 
348 4955 
2337 4040 
8003 2083 
7995 2990 
1654 5892 
7330 201 
3694 3859 
1958 7814 
3216 5301 
1370 3162 
6009 5861 
3400 796 
4306 3502 
2854 4158 
7476 4001 
6675 8434 
6966 7769 
8388 2728 
719 2733 
2578 6672 
313 6417 
4253 8080 
3001 4729 
3006 2104 
1724 1326 
5600 3414 
4445 626 
6332 4458 
4247 1148 
4001 7569 
4500 1656 
3142 8231 
7931 7907 
4431 6140 
4886 4592 
4975 3194 
1560 5206 
4099 4095 
1372 5809 
7498 2448 
492 7531 
4397 1186 
108 3686 
2115 1380 
4878 1553 
1391 7832 
6749 6007 
3225 7392 
7493 3602 
7062 595 
6960 8244 
7427 5698 
6161 2899 
1473 2019 
2851 7886 
5506 1533 
8603 38 
8565 539 
8340 6814 
1221 3832 
8571 7769 
800 1046 
5396 7950 
4154 2850 
1607 7268 
1306 8013 
4641 1702 
6741 7532 
5657 587 
4089 4674 
1823 4280 
8401 7641 
8644 3675 
6684 5227 
5291 3530 
7999 4574 
7404 6821 
628 7419 
4526 4966 
1948 7602 
1870 7439 
3927 8564 
1556 7847 
8514 6471 
6002 4090 
5395 2244 
1375 2503 
4 66 
2332 3826 
4479 387 
4704 278 
7725 4033 
5683 25 
441 3929 
2479 2772 
5032 7183 
1525 5009 
2993 3112 
2878 4120 
6332 5833 
682 2733 
2950 4622 
3617 7956 
1610 3887 
8190 8023 
4309 8226 
2864 6228 
5760 2941 
3605 6905 
5173 6868 
7865 6868 
5283 7208 
5721 6374 
4515 8049 
6365 3377 
1872 6800 
948 656 
1680 3152 
696 7390 
106 7720 
6541 4288 
587 3277 
1396 3920 
4683 3054 
4323 5012 
1712 6533 
8693 7951 
4725 5069 
4246 8641 
5901 4441 
6437 8232 
8194 1216 
713 2463 
4589 3073 
7148 1224 
6672 7991 
6083 2800 
4589 3887 
4733 2181 
8508 6097 
7361 7331 
6414 7308 
5543 6127 
5836 768 
3275 528 
5137 7407 
826 2865 
7833 6755 
3630 3121 
5069 5498 
8108 2993 
6838 5330 
2552 7516 
1128 3043 
3665 8719 
3654 2837 
659 6788 
1769 5789 
6793 5970 
7162 4843 
4239 1809 
7303 5578 
944 3257 
5995 7955 
2719 4791 
2222 7728 
6707 618 
7859 782 
7371 978 
3006 3656 
8212 1428 
3807 5856 
8295 5812 
7486 3706 
2876 8147 
7580 1970 
3857 3384 
362 6551 
2550 3898 
5672 2195 
1127 1875 
8007 703 
8416 5213 
3488 5510 
6778 3553 
8354 5291 
997 6017 
237 2357 
7167 6436 
8520 1406 
6221 3359 
2621 3370 
6781 5463 
4150 3361 
1222 1051 
4169 2159 
2753 4805 
2788 1713 
1994 1397 
8376 6525 
975 7119 
2278 8717 
4377 8537 
4938 7792 
1300 882 
2565 8650 
7455 7790 
6231 7634 
8137 114 
7816 4847 
6236 6383 
6090 5704 
6392 8338 
1542 6796 
5975 2415 
2407 7516 
4640 4810 
1099 2569 
6095 3364 
4587 657 
1648 2239 
2429 6076 
1630 3510 
4754 912 
4184 5495 
3812 7834 
1421 4248 
4315 8608 
5309 3095 
887 1390 
3796 5566 
3251 2200 
887 1212 
8644 560 
4447 8625 
8664 6267 
6978 5543 
5066 376 
4204 5091 
3218 1209 
4662 5624 
2376 1566 
436 5644 
392 6460 
2871 3774 
4992 211 
8008 2225 
1516 3281 
3080 1657 
5034 7353 
1746 5817 
7723 874 
5051 7892 
7799 3745 
244 6698 
4590 6255 
2964 6809 
6071 2638 
6772 27 
6696 2259 
8200 7642 
1403 3555 
6690 8698 
1176 4428 
215 1502 
586 1964 
8201 2185 
4971 5684 
7545 5432 
8474 6170 
303 2 
5014 6445 
5394 5222 
1037 4020 
6027 8103 
4827 2897 
3803 1861 
8040 8060 
6646 613 
5623 8376 
4039 552 
5713 6933 
2247 3877 
6666 7827 
2905 70 
3364 1582 
1214 2 
1279 5406 
6276 8257 
8208 5383 
2214 57 
8564 8183 
4327 8414 
3935 5092 
4556 6481 
3914 5393 
2677 451 
4517 5535 
5519 5943 
292 5000 
5494 849 
1545 996 
8036 4330 
452 6433 
7875 1384 
6837 5026 
3285 4389 
8235 6529 
7574 4580 
5355 1816 
5489 4134 
2111 3571 
1789 2016 
3204 419 
7963 4082 
58 2887 
3276 5111 
3566 4722 
7331 8164 
1351 5059 
6181 295 
2458 1100 
3945 443 
2999 2518 
166 6018 
3336 339 
4269 1665 
7376 7190 
8540 1972 
1974 1578 
1994 6364 
2435 3715 
8703 6404 
2943 259 
5560 2233 
2674 226 
4685 3601 
4763 8240 
5312 2475 
432 226 
2864 3122 
4456 1912 
5755 286 
985 6041 
7852 1389 
827 4009 
1943 224 
3200 3415 
271 3455 
1474 2859 
3644 6335 
5947 4001 
852 3369 
3938 5672 
2069 8609 
526 1893 
2724 4127 
1455 1567 
952 3940 
7218 5887 
2324 1647 
6582 4698 
3678 1866 
6376 2012 
4620 3120 
7659 2466 
744 3201 
2481 5740 
3113 7469 
2065 4211 
923 7431 
4419 6386 
5560 3118 
5418 6978 
4698 8407 
3185 3903 
4483 2492 
393 5523 
7705 3900 
622 7680 
8505 6634 
7118 4926 
7755 3586 
6993 258 
4564 648 
5492 3345 
7541 2082 
8110 5851 
7188 6428 
4034 7927 
798 5730 
410 3611 
5901 3623 
2206 5041 
2579 2006 
5356 475 
1068 7426 
7831 5056 
1155 8445 
25 6092 
7839 6507 
481 2242 
6789 8334 
611 7507 
333 1769 
4172 2286 
7644 221 
2676 331 
4175 6739 
3119 5506 
3249 728 
904 4482 
2385 3348 
6450 4454 
5442 84 
4470 8317 
8622 3121 
2922 538 
7619 1395 
6203 945 
2238 4739 
3190 7455 
5419 7598 
5250 6772 
906 5006 
8619 2616 
3143 5580 
1858 3606 
7352 3447 
8601 1195 
4978 8270 
7477 2673 
7520 6957 
7821 284 
4035 6247 
7494 7139 
259 8431 
4917 3724 
3579 6175 
55 2742 
5903 5949 
616 5555 
6307 5645 
2150 1594 
7208 4090 
2980 1448 
3982 4085 
17 4878 
7834 2351 
795 1230 
8177 4458 
5318 4294 
548 8332 
5596 5073 
6296 5781 
4311 7854 
7060 6936 
7416 2078 
68 6307 
7240 4768 
5481 5307 
7922 7135 
8700 6006 
4991 3759 
4747 1510 
1197 2792 
6599 7676 
7198 1707 
1040 786 
4313 5874 
8075 748 
4465 3689 
6412 8585 
3489 6590 
3757 8428 
3697 7182 
2361 6678 
2223 7162 
8723 8080 
7841 417 
650 5728 
5921 2398 
4330 3731 
1836 1706 
2199 2940 
5259 3017 
3950 8270 
7068 4036 
758 6189 
1935 1102 
8602 507 
8628 5794 
4269 1464 
3091 4806 
6960 4017 
1078 2167 
6745 1106 
1397 3460 
1985 1814 
5934 8510 
5052 1120 
6671 2941 
1834 8238 
6068 8431 
7393 8180 
6415 2319 
2315 7988 
3837 2273 
7202 1564 
1186 3832 
3827 3194 
1650 6109 
8139 3246 
4475 7974 
4447 212 
615 4626 
4817 3942 
5890 4799 
1210 5687 
5636 1527 
6118 7476 
3229 5494 
1893 6458 
2521 7433 
3437 2100 
4911 233 
7374 3831 
7332 1954 
6558 8486 
5041 1580 
3598 5318 
1603 4869 
1993 8028 
2605 561 
893 6115 
8388 594 
1467 3892 
142 6544 
2729 7114 
1183 2908 
4179 6754 
3798 4026 
8312 5829 
5455 4831 
3322 3800 
7551 1101 
3454 6495 
7244 5168 
8039 2210 
518 4375 
558 7089 
3078 7682 
7441 541 
2143 388 
6095 2732 
3262 3698 
3502 4687 
3477 7187 
3852 1368 
6621 3652 
5010 7125 
5496 6162 
1454 6101 
1849 614 
4249 2308 
8653 2484 
3435 5624 
8244 1651 
5908 1266 
1618 5072 
4110 1158 
645 787 
8152 7099 
7539 696 
1107 6738 
7037 3624 
2469 2398 
8521 4781 
6992 4804 
1742 8202 
6603 7120 
6616 1380 
3950 7944 
3602 8348 
3497 5074 
6045 6207 
7356 4068 
7493 656 
604 8300 
5348 5713 
4319 2865 
8730 455 
2911 5749 
8136 5745 
2329 6304 
3389 5001 
5136 5123 
1377 4908 
2052 5624 
7217 8585 
3556 3319 
7166 2878 
3852 6360 
4131 3722 
1729 5472 
2717 1255 
2593 1100 
4243 2087 
6230 6033 
7421 5902 
2351 1588 
6920 2974 
748 2672 
5130 6657 
7428 3901 
6432 1568 
7626 2425 
5462 6063 
3684 4364 
3544 196 
7459 6372 
1601 2653 
2629 8692 
2882 1939 
8629 861 
6180 2983 
1001 2984 
6385 8283 
2149 1931 
6369 5592 
470 1736 
7048 6818 
2809 1050 
8492 7294 
6698 3235 
8454 2022 
1458 4800 
2182 2625 
2280 6591 
2564 4721 
1677 664 
210 1283 
3064 2871 
5742 6421 
837 2793 
7593 3109 
7483 8052 
2504 2487 
5630 3254 
5939 1676 
6822 2927 
1825 4553 
3660 2464 
3147 7414 
8229 8409 
2096 5909 
3156 4234 
3003 7786 
2231 5197 
7276 3154 
8533 2805 
7957 5979 
502 5303 
6466 6269 
8344 2143 
1687 8371 
6900 5352 
5776 6878 
284 3190 
4825 4179 
7974 4465 
4708 6275 
2434 8197 
2296 7362 
6380 4439 
2072 1417 
50 8109 
6006 4971 
1540 7967 
6753 4227 
4818 210 
2134 3000 
2522 776 
4874 5735 
7915 7974 
5013 584 
2416 2219 
5729 4769 
1818 3477 
7091 3873 
6704 8553 
1028 5000 
278 6752 
1093 2611 
551 927 
8597 6250 
5651 3980 
437 1312 
3719 6430 
1177 8065 
2236 8259 
237 1439 
8603 8489 
7741 942 
1588 1144 
5148 6971 
957 7704 
1552 5237 
1605 4870 
597 2450 
8277 2309 
2827 3237 
6885 5857 
3868 6807 
8009 8640 
193 8484 
3134 5118 
779 4594 
6394 6377 
3713 4912 
7568 4962 
1962 767 
968 1608 
7517 2597 
2382 4142 
6503 2383 
4842 5154 
1966 969 
4219 2274 
8376 2993 
1447 5062 
7004 7243 
1386 1514 
4 1262 
2580 6657 
7502 507 
5342 5189 
4885 7058 
791 7750 
5020 5413 
3326 7198 
8393 1875 
5599 5971 
508 8584 
4524 4226 
6167 2652 
3495 7985 
2280 6539 
1300 1826 
6298 2007 
5044 7499 
8353 1208 
6144 341 
3970 6664 
8339 911 
3831 7066 
3251 7311 
5071 548 
6474 1047 
4659 3392 
6301 3013 
2598 3118 
7999 7441 
6061 8063 
1223 1289 
3280 4514 
6721 3727 
6035 8330 
6126 8290 
6785 4488 
3044 1051 
3628 8512 
6759 5637 
6870 7483 
7273 6149 
1413 2070 
6090 206 
6404 974 
7730 7247 
2905 1836 
3308 4607 
6768 3019 
8513 7545 
6336 622 
2911 6224 
917 2588 
3049 1022 
5956 8252 
6098 2194 
6900 5337 
5728 1566 
1520 487 
3331 6411 
1530 7452 
8608 7805 
3468 2591 
5818 2245 
6622 2934 
6246 7059 
2260 8306 
733 5465 
2619 1149 
6637 1909 
5272 1916 
8602 3013 
8154 5111 
6152 2484 
8615 6949 
4709 595 
7057 3726 
2356 532 
3180 7693 
3873 7441 
1395 6675 
4478 7989 
8161 7616 
3948 6890 
3015 4447 
2660 5213 
7737 7228 
2124 7487 
5908 2482 
4150 2975 
7206 3666 
8549 7520 
7005 5445 
6514 3464 
8180 3087 
2691 6536 
2934 6002 
8068 1443 
141 1822 
6314 4985 
7109 8446 
6959 3227 
1055 829 
5932 617 
1754 985 
5977 5931 
7521 5421 
4531 519 
2605 846 
932 2693 
7219 7856 
4492 4566 
7666 5876 
8708 1686 
8073 1362 
2574 6141 
2024 4307 
1734 3996 
7331 737 
4329 3635 
2568 368 
3152 2690 
4702 7868 
908 4314 
4317 489 
6811 3340 
854 1770 
1670 5694 
4355 7838 
4021 2346 
2137 2776 
616 2987 
7891 8606 
3353 4280 
156 7108 
2822 1218 
8368 5939 
8596 778 
2862 1583 
8219 501 
6436 4788 
2764 326 
4214 7755 
3221 5319 
734 6638 
7208 993 
1513 5697 
203 5001 
7022 5285 
3443 4299 
1451 8563 
1160 7483 
2699 8122 
8118 2791 
534 837 
2203 2192 
8702 6344 
3114 6248 
3340 4183 
5734 2467 
8725 324 
4543 7631 
6515 7583 
808 3809 
2263 3865 
4240 6869 
6237 5182 
8127 5687 
6544 8412 
4592 7422 
1546 1871 
5623 8667 
2625 1928 
6075 53 
3180 7783 
2217 5912 
2357 4951 
3391 5713 
1856 5181 
155 7184 
5778 7070 
8608 317 
1542 1785 
2044 2338 
723 5736 
7221 1150 
578 1863 
7511 6386 
7542 6080 
4062 8376 
1700 1674 
8270 7414 
7440 5824 
527 3582 
3254 2144 
3845 4952 
5576 3795 
6661 8482 
6307 2216 
3280 112 
4944 8082 
766 4753 
5760 2925 
825 3700 
910 8298 
2690 4750 
5405 2385 
2532 2064 
7112 65 
5250 242 
2734 3831 
5454 3539 
5208 7268 
3340 2844 
6692 3413 
1352 2026 
8450 1299 
5977 3256 
2395 6736 
3348 7417 
8585 7371 
1917 1736 
736 5295 
1669 1182 
5820 3570 
3571 1250 
8416 4248 
4854 8723 
4113 7011 
3432 5324 
4938 6862 
4638 486 
395 3893 
8562 1412 
5184 4227 
4327 3132 
161 6750 
1960 677 
8302 397 
2864 6405 
3499 1154 
1626 1859 
1238 4005 
4593 8584 
8625 1760 
5870 2774 
359 6847 
1010 2124 
6700 636 
790 3145 
659 6328 
3738 900 
7947 1574 
2369 2059 
4884 7535 
6028 5129 
2705 515 
2323 8307 
6533 8744 
5086 4419 
1362 4192 
2665 3182 
3269 1971 
3510 4988 
7122 5921 
3520 5173 
3006 1493 
7909 4609 
6793 3526 
2101 2955 
2853 8136 
4530 925 
7915 5015 
4392 2094 
493 3691 
6907 7548 
1439 1679 
6817 2753 
6585 6142 
375 3770 
8329 1925 
6304 8004 
1337 3895 
5113 8624 
7683 2918 
7482 6088 
3762 5809 
3548 5166 
2680 5356 
7368 1134 
568 5701 
7808 3366 
8064 7001 
982 8057 
8504 2303 
8385 5500 
219 6536 
5934 6542 
2668 1603 
5728 4206 
4554 6611 
6339 3298 
3371 8735 
1369 7729 
4597 6934 
3697 2502 
1404 5541 
1429 1445 
3315 4373 
8664 7190 
1684 5032 
4197 3893 
8168 7138 
1981 758 
350 5777 
2593 3861 
4220 4188 
6828 2723 
370 1415 
6538 7758 
7903 3333 
556 853 
6924 3448 
1991 3891 
4408 5292 
1692 2786 
4294 8408 
8006 1472 
6574 2959 
4802 1429 
4364 2794 
1646 164 
7285 2576 
3636 4288 
7201 3777 
3085 3762 
2538 6739 
4425 7446 
535 8050 
6308 2766 
4684 4130 
6201 3553 
1767 3084 
8679 286 
2668 3208 
2349 4738 
1841 6932 
5092 6239 
1684 4785 
8729 5610 
2718 7717 
6605 846 
6157 4123 
58 1575 
1212 3798 
2402 8336 
8163 2883 
3307 1644 
8363 723 
3656 4435 
1546 1321 
6607 5166 
7242 7451 
8373 2847 
1407 6299 
4318 582 
5526 7570 
3967 6901 
1200 8584 
6976 3063 
5889 452 
3445 5133 
2544 1577 
5321 3496 
4559 1348 
2877 6173 
6631 6428 
3664 2587 
4702 8140 
3303 7445 
2811 6399 
3170 1429 
4733 5074 
2731 2760 
393 4442 
3802 2615 
733 1299 
1801 7966 
6553 2823 
8558 996 
5558 8568 
7442 1520 
922 4098 
2851 3556 
7512 3953 
7813 7991 
2197 1547 
2722 5825 
1958 691 
7187 4824 
6066 2086 
8553 2575 
5951 8096 
3242 8180 
3998 636 
1474 4614 
8277 2682 
8420 6350 
3111 119 
203 4255 
6012 5424 
600 1818 
3422 1231 
5732 4465 
2920 6406 
7342 2560 
8665 1925 
4168 2038 
2118 23 
3697 5806 
433 1696 
3626 68 
7840 1682 
5614 407 
6005 2750 
5503 6790 
529 2905 
1793 8515 
527 7271 
7070 3349 
7024 3178 
3828 8431 
1804 8223 
4623 7326 
2848 5019 
4192 1680 
6487 3469 
584 778 
5937 6606 
7901 3329 
3216 1339 
2182 3073 
991 3167 
1778 4991 
4099 1158 
8467 48 
8246 2061 
4186 4659 
2856 2691 
403 5656 
2952 7543 
504 1993 
4702 4541 
3745 8201 
4380 1248 
4757 782 
8397 8062 
2211 3078 
7655 6949 
7086 8185 
729 591 
5478 2389 
4688 4196 
6339 7238 
1925 2920 
1895 3866 
2564 6789 
8062 1964 
6453 2247 
275 4951 
5244 6869 
5385 5105 
5982 3891 
4286 6004 
2219 6952 
2028 3000 
879 1068 
8256 672 
5889 5942 
4507 5396 
1675 6259 
3699 2587 
3788 4110 
7221 3380 
2810 7801 
1932 5950 
1416 6630 
145 6462 
7513 6709 
6572 2148 
1750 1713 
430 559 
7902 7335 
6508 5700 
2275 7540 
6589 7113 
986 3656 
1077 426 
6233 2468 
3360 7400 
2986 5656 
3594 3253 
3668 2757 
2071 6738 
2443 6117 
2691 7063 
4356 7012 
3224 2142 
7666 7824 
4912 8709 
272 4933 
2941 5176 
6578 6697 
7860 1883 
3294 8315 
5158 5491 
2506 2158 
6431 6475 
7983 3625 
2544 4621 
1837 8314 
855 3795 
891 1461 
1435 361 
6350 8404 
4131 3841 
7906 8742 
6990 3205 
267 2429 
3749 4385 
358 2201 
3097 3580 
664 1777 
7344 1451 
7645 272 
4065 3565 
4123 98 
3819 2930 
5589 4090 
1542 5857 
6585 3399 
491 4751 
5017 944 
2250 5987 
65 8376 
3737 1368 
4241 7621 
6747 3005 
7449 962 
4167 133 
6394 8106 
4967 7014 
1629 7415 
4104 617 
1209 97 
3658 4361 
4200 5770 
4778 4451 
3568 8239 
1281 2994 
175 8045 
1051 5344 
2061 4231 
3607 851 
4988 1559 
3609 3002 
5231 2617 
3677 6943 
1714 7600 
2614 8040 
2890 5898 
6666 6187 
1486 8097 
5670 6929 
6994 3545 
1925 8449 
5955 4940 
2285 5318 
5590 7421 
8508 826 
175 1470 
6697 1464 
8621 7817 
3687 3614 
8306 759 
1708 5002 
7534 3602 
2182 6973 
4410 5838 
2373 4334 
4562 3873 
2583 616 
8473 3976 
3306 6139 
7691 2926 
6869 6712 
702 4013 
4214 8369 
2254 5919 
853 7767 
7551 4863 
4985 8261 
6913 6849 
2987 3277 
691 8394 
3324 5360 
1063 8303 
2595 2551 
8223 3632 
6852 2710 
6895 5050 
3660 7241 
6608 185 
4059 4001 
644 1973 
5140 1641 
2961 6421 
8129 3740 
7340 6178 
8095 2885 
4294 6457 
7299 4969 
5028 7998 
4032 3372 
7968 6711 
4291 5969 
4221 3624 
3713 7527 
5192 8163 
3193 7632 
2929 4216 
4730 4475 
6588 1734 
1404 2396 
8317 2140 
1357 3573 
4056 4550 
1025 8317 
846 6348 
5190 8082 
8072 3910 
4180 8005 
8273 4645 
4417 7786 
3202 4222 
5870 490 
2523 3543 
3309 1707 
5475 8651 
3706 7895 
5107 6654 
2770 5204 
3960 2179 
1140 5904 
7207 2142 
6625 3819 
2159 7615 
2469 7923 
6644 8265 
8684 680 
1003 4227 
16 467 
7701 7929 
2297 2249 
5956 3306 
4294 6411 
3507 3065 
7342 6148 
7445 8046 
4478 2976 
3823 6508 
8618 3425 
752 1411 
1967 7656 
6333 5506 
5994 724 
4446 8414 
5462 2209 
6021 5969 
648 1231 
5133 7231 
7174 231 
4473 2119 
6909 5821 
2951 7450 
4790 1897 
4699 5415 
495 158 
4774 3061 
2291 3739 
5261 2045 
3182 371 
5757 8406 
6835 85 
8375 7189 
8031 6794 
1712 6795 
5333 569 
4948 470 
2755 3517 
1123 850 
3439 7607 
8093 2364 
4418 5319 
4921 0 
6039 2136 
2846 5538 
4814 8731 
569 603 
4305 6228 
2318 1162 
5121 4330 
4869 194 
8036 5698 
5663 6304 
7992 3239 
999 4169 
4331 4677 
7054 3908 
8273 6223 
6586 7237 
5193 6767 
4577 4406 
4282 709 
6264 1427 
4946 7570 
1985 4321 
3817 1423 
4556 504 
4924 1237 
1066 5865 
7184 5682 
4739 552 
2951 2707 
8627 6513 
6835 1348 
3093 6250 
3719 206 
6986 3406 
4303 3673 
2013 2823 
6397 3151 
7702 6424 
318 8629 
7987 203 
2851 1902 
3545 1169 
4603 4696 
1251 7875 
6229 271 
2591 6038 
5607 7457 
6891 1001 
3840 7216 
6440 7238 
516 8293 
6469 5293 
1054 8363 
6054 6499 
2744 5513 
7973 2029 
7758 5599 
6694 6030 
2211 1175 
5909 8082 
5811 2659 
8632 7930 
4772 5673 
1559 3242 
6841 433 
2387 6005 
8162 579 
8301 7918 
1386 7516 
4524 4958 
4989 4441 
8357 6384 
4166 5165 
3968 1132 
6463 1458 
2419 6900 
2467 986 
1434 4188 
2535 2972 
4160 3819 
6309 6482 
2901 6727 
2189 8451 
2413 7695 
8695 5367 
4518 2159 
1816 7431 
4617 7685 
2450 4557 
1765 8574 
5483 7566 
8714 6569 
5205 13 
1280 7933 
5257 4635 
7821 3359 
1027 5743 
7966 5455 
2601 6175 
91 5187 
1754 1859 
7643 3678 
2922 8050 
6281 4566 
1079 7979 
4456 6816 
2142 3873 
1774 690 
2684 8357 
6781 5742 
2494 6889 
1009 6562 
4224 3102 
1385 3625 
2935 3165 
6411 3050 
2286 5336 
2828 3839 
7589 2099 
491 1960 
3073 1253 
2071 3457 
2525 5185 
734 746 
8603 1750 
5201 1096 
938 6084 
2806 5513 
6754 3265 
4155 1406 
3075 7515 
4976 4212 
1815 5473 
5906 522 
5443 7656 
784 744 
1319 6259 
7475 5716 
2311 7856 
5954 8040 
193 2217 
7930 2232 
5516 8195 
779 1414 
4736 4361 
940 6258 
2056 8206 
5904 3423 
719 4656 
983 1362 
2451 6827 
3091 4312 
2165 6494 
5477 1686 
7268 7657 
5480 556 
5818 4352 
859 8678 
6882 3726 
7477 3329 
2662 5465 
91 3875 
2069 4342 
5944 1093 
1491 3143 
5967 5863 
4433 655 
5146 5881 
6523 4308 
5735 1243 
3025 1254 
3029 2337 
4435 6466 
8694 7186 
3512 1920 
8405 3861 
6707 5679 
2145 1299 
2143 4904 
2412 1746 
2635 5391 
47 8250 
1087 2511 
6911 1607 
2050 1237 
3691 6145 
817 8588 
1253 6804 
5142 2983 
2918 6443 
5043 6596 
1142 8709 
7063 1983 
6335 1714 
245 3815 
3724 2010 
7116 932 
3927 4694 
7426 6607 
5894 3341 
8527 5210 
6675 4448 
2094 6274 
8009 605 
8392 5079 
5381 1894 
6905 1270 
7894 6456 
1185 6405 
728 954 
8733 4240 
3449 5485 
7565 5749 
146 2542 
7286 431 
7800 1962 
62 3745 
4850 1446 
7275 7801 
6672 8729 
1357 7503 
3522 308 
666 6854 
3637 8369 
3704 7814 
3679 3138 
4530 197 
7560 2524 
989 930 
5074 1572 
7537 5306 
4600 6165 
5966 7355 
7759 6987 
624 1577 
4630 3261 
163 7793 
5812 1294 
4005 7455 
2893 4898 
1963 3974 
1250 5374 
3556 5015 
6380 1699 
7613 8098 
6134 387 
862 1308 
7124 1598 
8564 3301 
5186 3007 
6466 993 
1480 864 
2929 3406 
4898 4589 
4935 3143 
3809 1969 
7383 1928 
3589 2249 
4200 3372 
7170 2238 
7811 7453 
2816 268 
1074 8505 
2838 7777 
2281 2699 
776 4338 
8050 2944 
7093 1122 
617 8676 
1475 4070 
8401 1449 
2428 8406 
2272 7539 
425 4745 
4024 5704 
6296 6482 
513 1627 
8562 8211 
7102 8641 
275 5379 
1851 1847 
4144 5267 
7100 967 
8443 7741 
2803 1038 
8119 4609 
5669 7361 
4471 1709 
3928 1013 
3893 3749 
7820 8567 
4978 3397 
6383 932 
7872 1851 
1521 1442 
3355 7059 
6061 3609 
3147 509 
6202 6813 
8572 7226 
4131 5180 
5846 7742 
5950 6547 
1084 938 
873 7110 
5036 7612 
4802 3371 
1961 8162 
16 2535 
7871 7771 
6680 6618 
7465 3938 
1597 6108 
5731 3780 
1163 2475 
3080 3818 
4003 2978 
346 6218 
2700 8497 
3084 5634 
7820 6778 
1400 5507 
1940 2254 
5003 639 
3160 2445 
269 5487 
621 2695 
1413 8425 
8239 5623 
5093 1608 
2779 7776 
5951 7587 
2568 2007 
6242 8094 
6165 5579 
906 4844 
8009 8452 
6461 3495 
1304 7757 
321 47 
1933 7617 
1459 353 
8597 4432 
8518 3967 
2232 7923 
3561 3311 
7014 8474 
7500 1980 
3787 6548 
6595 5023 
6800 4761 
64 7947 
886 1465 
6846 276 
6203 3258 
5381 6989 
2929 6963 
7632 268 
1758 4727 
6488 320 
590 3747 
2569 3303 
7821 1400 
2681 5848 
7444 3833 
5349 190 
5439 5179 
5361 789 
8151 3594 
4096 520 
1540 7283 
2052 7550 
3911 7920 
4317 2356 
5517 2712 
7149 2716 
1794 2464 
3532 1022 
4893 5184 
3956 1363 
4116 6758 
1484 3845 
6338 3946 
5628 5402 
4163 1398 
4925 2922 
2179 8022 
6676 242 
4988 3001 
4946 2067 
3754 593 
5739 5110 
6765 7800 
6977 5756 
2868 3682 
5161 880 
4190 5136 
8553 5718 
3326 7622 
4159 4387 
7706 5173 
3947 4858 
8707 1855 
3739 8362 
7092 7487 
6908 3715 
7847 5306 
6559 2640 
509 5824 
648 1742 
3213 2002 
4212 5945 
1854 2585 
4187 5851 
6637 4467 
8556 2659 
7483 2099 
3251 4830 
6530 3861 
1205 1549 
238 2128 
6858 7464 
8730 7868 
4642 1017 
7163 8223 
1059 7776 
6369 7070 
597 8640 
7779 6393 
5356 8383 
5623 6335 
945 6546 
1919 1839 
4135 5674 
5243 248 
1463 273 
6022 5671 
1774 225 
2176 3851 
850 6461 
8219 4222 
4862 3102 
5942 4886 
3878 981 
485 2309 
19 1613 
6715 2763 
5976 1400 
6695 4931 
2954 3287 
5278 7217 
3548 3022 
6059 755 
7872 3876 
3297 5483 
1342 4800 
5751 5219 
3739 559 
5921 78 
7617 4880 
716 4250 
2773 8237 
2535 5512 
7 371 
6210 2332 
5237 735 
2261 3463 
2859 1614 
3097 6783 
6578 7295 
3011 7970 
7782 7619 
5050 8166 
2686 7043 
7024 3605 
589 5722 
4319 3722 
1670 8526 
6398 5412 
2055 5022 
8 5390 
2459 7633 
6569 8454 
2937 2328 
1746 3408 
2015 1250 
4033 3327 
5930 1954 
3061 8638 
8631 8547 
4294 36 
7585 2478 
8299 1387 
4818 3674 
4547 6941 
843 8084 
6457 1514 
4033 2624 
3554 5270 
6382 4169 
2317 8082 
7907 5011 
4924 4401 
7561 5025 
4966 4921 
5211 1915 
4386 712 
5834 2367 
7027 1821 
6395 6015 
1701 6056 
6937 1987 
2268 7330 
6250 1202 
1631 8074 
2240 5499 
2232 3636 
5920 1575 
7914 5716 
5828 6327 
112 1949 
2102 7491 
5468 7579 
7416 7035 
2268 2698 
5771 8372 
1121 8259 
7055 6690 
4137 4634 
3230 7940 
8554 3627 
5800 1095 
2085 2878 
2618 4362 
5366 2958 
5792 5442 
1339 4932 
635 2234 
7057 8342 
5233 6898 
6936 7696 
3154 1936 
3294 8618 
8504 2475 
6119 4912 
6072 7246 
114 723 
2306 1576 
2743 8127 
7324 2740 
2919 5001 
1118 7840 
4796 4824 
2161 4107 
5004 658 
7948 1205 
4823 5124 
2412 8084 
8018 964 
5572 6148 
5219 4871 
7899 3918 
8524 5979 
7772 411 
1463 5469 
5604 6146 
6779 4888 
5009 7533 
5113 4192 
7600 7007 
1382 5647 
6526 8560 
6255 4893 
8366 7625 
2342 1759 
1065 2807 
1777 3581 
5159 2122 
5609 7131 
5571 579 
1028 3042 
2820 8188 
4631 2311 
773 8033 
4930 6987 
2071 6198 
6858 7211 
7671 1621 
1117 7516 
1231 8257 
4045 6040 
4420 5596 
6019 2257 
5085 2419 
4932 176 
7235 7197 
3994 3861 
6197 6403 
1417 1435 
3539 252 
6845 5951 
3654 5588 
7021 6219 
2017 3226 
6382 3275 
8215 6571 
3801 3696 
824 5908 
2062 4620 
7908 5716 
5004 7690 
7102 8408 
8315 1188 
4048 3704 
1108 3926 
4516 671 
3816 5321 
1705 7089 
2275 3946 
369 2883 
5189 6525 
1428 5655 
4628 481 
5804 6882 
791 6800 
3515 3929 
2000 3972 
7728 2749 
7536 4685 
1136 7687 
3128 8552 
3173 3215 
6847 4610 
3225 7776 
3241 2666 
3054 4728 
5362 2650 
5460 2132 
5734 2502 
4657 4341 
6376 5832 
7086 2049 
247 8624 
8344 7226 
6215 7470 
6063 2809 
5471 1790 
8678 3291 
6570 704 
2738 8104 
6531 4304 
7946 5998 
8263 4886 
8389 1603 
6703 3777 
7405 7573 
1700 8276 
6449 5402 
4987 2294 
5114 6994 
2382 8420 
1121 8544 
2424 2463 
1170 6952 
1864 7341 
7600 375 
5077 867 
7766 8313 
1120 8448 
7646 157 
4303 620 
183 6315 
6697 710 
566 2181 
5334 247 
2354 8282 
4003 8429 
5197 4733 
5947 2581 
8628 3235 
779 7787 
431 5690 
5508 2868 
4460 3754 
3256 900 
595 6214 
4113 6815 
1618 1991 
4948 1138 
633 7150 
3886 205 
5951 3711 
2634 7912 
714 7913 
4185 2743 
4090 8143 
5794 5265 
5479 4205 
4533 6501 
478 5901 
2713 2678 
7495 2662 
2301 3859 
7087 4747 
4078 6575 
8425 5001 
8295 1617 
6337 2592 
4898 6786 
6824 1646 
7114 2073 
8183 6392 
655 7431 
2106 1552 
8477 497 
7309 8230 
7036 6519 
3097 4328 
8028 6769 
4535 660 
325 8656 
2459 382 
2922 1944 
7171 6545 
5350 4058 
126 1000 
1558 2794 
1137 1274 
1264 5215 
7342 2760 
3616 1368 
8179 5381 
5951 2183 
8497 4257 
4447 317 
2460 5232 
3179 1002 
356 8262 
5418 2823 
7130 417 
7840 925 
1267 1407 
5511 8721 
7067 6518 
871 6682 
925 7153 
5361 6124 
2980 1094 
7162 5178 
7607 1514 
4845 2601 
8126 4459 
7760 2050 
5349 7388 
37 6354 
8293 7005 
7594 2240 
5853 3095 
1575 510 
8050 586 
7888 636 
8283 7515 
919 2332 
7479 8294 
8723 8455 
8188 6137 
8308 1495 
8515 745 
2195 3785 
6519 1646 
1010 8733 
5351 6515 
7025 3018 
5445 2575 
6633 8407 
6353 6006 
6834 4905 
2375 53 
8449 5369 
7494 3684 
6516 5328 
2772 7690 
2606 5182 
4373 1888 
4743 5679 
8113 8009 
4513 1926 
7366 3640 
8178 2768 
1741 5729 
7749 7303 
633 7612 
8544 719 
5022 4762 
6199 7152 
3047 5756 
2897 8149 
398 7660 
7223 6660 
6932 3528 
616 5670 
2537 3710 
3130 6770 
4919 7362 
6879 3499 
4412 5314 
49 3530 
1636 2047 
8745 2156 
3718 6674 
7186 2002 
614 401 
7530 1850 
5071 1327 
2267 7386 
5618 3694 
6618 4060 
7004 8637 
7543 5183 
4773 5270 
7332 5079 
157 1592 
5281 3080 
4327 2893 
253 6006 
2065 4228 
3336 5493 
540 6201 
3365 5509 
1882 5129 
7088 4437 
4487 247 
3950 3397 
2586 4211 
7343 1674 
781 8108 
451 6929 
2690 6557 
4553 4162 
5165 2289 
2820 4345 
7599 4622 
2489 2499 
8469 8208 
7894 5406 
4245 1812 
3677 1518 
3069 5810 
7573 2292 
7504 2853 
4012 2440 
7629 8408 
1428 2195 
3618 786 
5842 5695 
2303 5601 
514 3512 
1505 314 
622 5302 
3988 8239 
2688 6975 
7810 3129 
839 4785 
1919 7317 
7759 5424 
7816 3608 
8276 7849 
6145 248 
3353 5979 
1522 7833 
8215 1967 
3245 584 
8109 6843 
1432 6815 
1016 5066 
5219 7227 
6217 3210 
1997 5211 
5857 6915 
4978 1243 
984 1461 
2801 7697 
3757 5045 
2345 121 
4401 4415 
2579 2720 
4947 606 
8543 4942 
411 2312 
1545 7401 
152 7913 
1243 3231 
4120 7161 
2331 5840 
6750 8112 
5745 1341 
6830 8658 
2811 1560 
7683 3583 
8468 2085 
1042 1082 
4008 6866 
3836 5886 
5703 7567 
5290 7768 
5422 6629 
6168 7069 
6693 4965 
4985 4657 
8005 559 
3756 7137 
4862 3421 
5013 8207 
5890 906 
1389 1444 
6154 5667 
4106 4722 
7590 4371 
2224 7475 
2147 1419 
4125 6696 
4760 934 
8201 6859 
397 4907 
2562 5726 
4752 1325 
1396 4094 
8656 4563 
2370 5141 
2619 7541 
662 3299 
6173 5661 
6927 6205 
8302 1151 
4699 8254 
4019 358 
5351 6002 
5330 2159 
3567 7240 
6323 4518 
7324 3388 
4285 6122 
5720 5601 
156 7755 
7348 1922 
6169 3417 
3584 7058 
2765 1059 
7551 3449 
7434 4919 
1255 1261 
6333 1386 
135 4692 
837 6992 
7619 3063 
2100 2652 
8582 3664 
6148 5516 
8273 2629 
4114 5531 
1058 4412 
2066 1936 
6228 6743 
3452 3626 
7251 2865 
5019 1979 
4895 2908 
4301 7084 
6915 7676 
7684 5087 
3559 4359 
1488 4478 
1069 7423 
860 3309 
1752 7724 
424 5964 
4274 8497 
7751 3562 
6592 8687 
6690 2366 
3910 4733 
3231 2267 
5230 2131 
7228 1537 
3741 8663 
5690 6332 
3469 8588 
6054 4764 
7859 1964 
6288 4832 
2781 3997 
2816 2873 
385 757 
1425 8576 
7984 6047 
6347 3733 
921 5094 
6982 3545 
7190 8315 
1578 7744 
8067 7938 
5918 5295 
6132 2036 
1663 5978 
8216 4552 
750 946 
628 1575 
2601 7211 
8227 5191 
1627 6176 
697 3846 
6854 2924 
3359 5110 
4908 8329 
8089 2601 
1111 7069 
8324 8359 
8052 425 
1986 3919 
750 6103 
3459 3282 
5016 2735 
2128 2531 
5947 8616 
4363 4359 
8366 1703 
3205 3533 
7799 3469 
7833 7761 
3312 4415 
6699 2092 
8605 6000 
8082 5626 
881 1914 
5183 4566 
5384 563 
7859 5829 
4167 2062 
1644 1567 
5180 1951 
2724 3701 
5642 2464 
3541 7613 
772 7939 
2795 3753 
5175 1254 
1998 4589 
1774 5647 
2920 2823 
5299 2072 
5330 1593 
4390 2960 
6804 5402 
1273 2643 
2247 5021 
8716 1443 
1930 3763 
5662 2542 
2829 6570 
873 3787 
1250 6686 
355 1879 
7123 4334 
241 4084 
4875 1370 
1886 2282 
3075 8142 
3355 4286 
5727 179 
267 1409 
6959 5366 
5577 2920 
510 6679 
7316 4687 
4993 6532 
718 1371 
4416 6481 
3336 8620 
2572 651 
120 8320 
3781 6676 
6345 1401 
663 6004 
868 1333 
7051 3364 
4307 4753 
7209 8160 
5454 1081 
780 29 
7018 8367 
7734 3095 
3940 7116 
6919 4744 
6767 8176 
5006 7617 
6956 8521 
2436 4869 
3030 7144 
3679 7297 
4996 8344 
5382 3084 
1593 8065 
6400 8370 
2745 1833 
8040 8694 
2638 4172 
4797 3247 
2788 5894 
7732 185 
3641 5560 
6259 3156 
709 5938 
3046 2741 
2813 1087 
710 1427 
1887 3510 
5193 7998 
8668 8533 
1107 1347 
6682 3323 
538 7216 
530 7121 
3914 8615 
4547 4563 
1771 7165 
1619 8340 
7397 1120 
3042 1329 
247 8121 
8383 7264 
5516 362 
2344 6129 
4131 6215 
7834 4295 
6061 5420 
5842 1484 
6825 5221 
5247 4886 
2135 4796 
4966 2451 
5124 1179 
8076 1892 
3927 6360 
7614 6369 
2947 7841 
793 5841 
6611 669 
7158 5558 
5653 5503 
2935 5666 
100 2947 
5154 4291 
5478 2980 
6449 7156 
8170 3022 
1373 1966 
1751 7494 
4512 7958 
1475 1277 
965 7244 
7353 4868 
7162 3721 
5180 2686 
8041 4369 
2421 949 
5887 4989 
6048 7851 
7750 5415 
4711 3912 
5674 6598 
2932 5593 
3509 6462 
4020 2350 
1725 3688 
5022 6899 
3920 3665 
3277 6791 
5509 1606 
5194 5269 
1400 2033 
3347 5659 
2648 3642 
4075 7126 
8089 5414 
2085 5539 
3472 5986 
1682 6065 
8117 852 
600 2928 
1082 4127 
3195 6605 
1746 3951 
772 7989 
3860 6565 
7022 1928 
5088 7714 
174 2868 
1732 4567 
8590 8463 
3365 6339 
4686 751 
5844 1063 
1804 7071 
7673 615 
2654 1325 
5433 7913 
8278 3020 
2109 3526 
7624 7546 
848 5383 
7033 1144 
1168 4476 
909 6203 
2919 6999 
5703 3011 
487 5981 
2231 317 
7380 1420 
3105 7138 
3830 860 
731 5110 
4936 641 
7217 7426 
6254 3273 
5157 658 
237 1316 
4204 6880 
6943 709 
3061 6338 
4387 4877 
8348 1957 
8136 6825 
1536 7324 
6512 8241 
7056 8685 
3563 5237 
856 6046 
3118 1480 
292 3721 
865 304 
3839 5352 
4715 6481 
8681 2062 
218 3659 
509 2310 
3472 1200 
6563 3100 
1703 2041 
4709 7027 
980 3648 
2052 4109 
2900 4957 
7675 7690 
1868 8178 
3661 7302 
6823 5948 
36 4361 
261 460 
3232 8099 
4603 3022 
4848 1327 
3060 7036 
7147 875 
1642 8184 
5691 2967 
5722 2895 
7263 1227 
1601 6384 
1605 1181 
4954 3615 
1923 5745 
8342 6190 
2895 2855 
3047 5303 
7067 4679 
779 3903 
2973 3385 
3158 740 
2668 4707 
1327 8338 
3122 8357 
1516 8342 
6674 5208 
2407 8141 
6568 6878 
3588 3261 
4624 4999 
4150 2393 
846 2349 
3798 2610 
3365 2458 
6826 4962 
1569 1134 
4905 3752 
3109 4646 
8241 7294 
683 6718 
423 3127 
7253 4167 
7135 2861 
987 3001 
5610 2852 
400 8006 
8550 6634 
2667 5471 
8139 2530 
2311 5399 
8694 1882 
7255 3223 
1800 2693 
5738 5010 
8260 4076 
4650 7707 
3898 1232 
2711 8580 
598 2978 
268 707 
2676 8505 
6604 3187 
4964 8161 
7964 1299 
1824 1697 
3039 41 
1505 6558 
2384 6750 
7056 7732 
3589 5634 
1736 1913 
6171 348 
56 1252 
6585 1562 
5236 4731 
1400 4122 
1894 2600 
6520 3078 
4065 8330 
4428 4386 
6368 348 
4695 5089 
7959 2970 
8404 8471 
1965 8004 
294 2489 
7345 4668 
4276 4316 
2735 4328 
3276 5712 
372 7524 
7867 6736 
5845 7816 
1003 7214 
6862 3632 
3892 7988 
7031 4220 
4104 8068 
2066 4483 
4773 1157 
7717 305 
6701 3473 
6410 5865 
7319 5440 
1008 4487 
370 4219 
1221 8739 
6340 532 
506 2888 
1156 2998 
5185 6487 
7105 6209 
3111 6619 
2153 3706 
6486 2296 
5963 6798 
556 2204 
3142 7117 
1066 5507 
5000 6815 
8729 1619 
6227 3428 
6970 8218 
1362 5811 
1392 8108 
2492 1457 
7215 1223 
2734 8236 
2219 1305 
8245 5503 
6081 2465 
5382 8263 
3934 8714 
253 129 
6961 7120 
4424 7975 
6021 4277 
469 5755 
1287 2244 
452 5598 
7685 641 
7741 7193 
1356 1934 
7035 3134 
5710 4825 
5894 5425 
6774 6842 
8308 1305 
7654 2700 
7776 1564 
3746 6666 
5612 541 
5970 8089 
1994 2872 
7115 5301 
6487 5593 
3007 8371 
527 7251 
4404 7016 
3968 6208 
5407 2042 
5008 3578 
4991 7062 
6936 5994 
5786 2026 
1559 8334 
7610 5778 
3081 7886 
3129 3049 
1432 1515 
1257 966 
4087 5944 
3640 3020 
5858 4674 
8601 772 
2369 2390 
7886 4309 
8308 2614 
2416 1141 
742 1603 
170 6302 
5415 7658 
7865 7633 
5485 255 
4796 2070 
3845 6405 
6120 6513 
7743 349 
3438 5648 
6055 1963 
2395 6699 
5962 6036 
571 2364 
3979 3793 
1394 7007 
1637 8602 
8255 4801 
7740 1220 
6537 3935 
330 5813 
1888 7752 
8702 821 
2981 410 
8172 8363 
578 3762 
4188 1801 
6542 5986 
4609 2883 
1199 2776 
1093 8637 
520 2832 
6850 5910 
3808 3684 
6320 3427 
2985 6489 
1442 3908 
8292 1012 
5940 2500 
8229 6908 
4670 2215 
3523 830 
3718 1431 
1407 5113 
2596 2337 
787 8188 
1835 5152 
8449 6418 
485 6849 
4546 8333 
3616 8021 
8044 539 
8129 3823 
1671 4350 
8045 2852 
8122 3348 
1433 1981 
2002 1141 
6908 2470 
6555 5987 
1578 774 
7694 4735 
2681 2571 
1945 1285 
7145 6667 
2006 6222 
7890 3147 
5470 2314 
4731 619 
8282 7263 
6337 1241 
8500 1344 
8131 6943 
1007 1699 
3553 520 
7752 4980 
1747 5316 
7365 2404 
570 1554 
2119 7383 
955 4130 
3474 4305 
1361 5298 
5460 3088 
3969 8022 
1904 5232 
3882 1594 
6081 4546 
4893 4803 
6944 6944 
6300 1699 
2148 4295 
4139 2103 
800 4959 
5984 5340 
3696 3017 
589 3596 
2886 1300 
6574 294 
2065 3695 
3580 1621 
8686 4676 
180 624 
1339 1922 
6927 5411 
6547 3055 
743 2598 
1729 4024 
6434 7052 
245 1260 
1375 8382 
6705 740 
118 1801 
2572 6687 
759 1017 
8248 7435 
880 2620 
4300 1235 
7115 7916 
1105 2778 
5155 1663 
7982 2335 
6741 6336 
7733 3674 
8614 8536 
4125 5319 
2626 3465 
6272 8034 
2352 4931 
4095 8680 
8401 1040 
4451 3580 
6337 4177 
3938 4468 
2305 5661 
172 323 
1770 2830 
5908 4514 
6218 3941 
5964 1636 
2476 3114 
4578 134 
7647 7630 
4701 7130 
4233 4413 
5769 2062 
7079 2841 
6551 6799 
84 7535 
4879 7210 
6787 716 
5144 2053 
251 5404 
4691 4632 
5414 6645 
1755 6373 
5101 7215 
2220 3354 
923 7572 
7689 5213 
4956 7973 
2221 5452 
2911 5966 
5593 717 
8720 7556 
4080 6105 
7925 4903 
6929 4807 
4585 1393 
3503 4620 
4253 1107 
1240 2144 
4103 6578 
4912 1195 
461 4223 
3901 6508 
5630 3422 
955 3151 
623 8335 
3685 281 
2746 8226 
5308 2576 
8258 796 
6715 6411 
6578 5878 
7084 3529 
2290 8411 
2421 8674 
1929 4889 
8330 4341 
3589 7735 
5430 5904 
3504 3269 
5180 8713 
3960 6539 
6186 3750 
82 246 
1564 2994 
6962 7642 
2211 7296 
3370 6823 
1567 8475 
7838 4415 
963 2762 
5276 5668 
7928 5782 
4530 8515 
3544 7698 
3072 6209 
8290 5594 
1986 134 
6350 529 
6024 3480 
1140 5714 
5304 453 
4390 4045 
5536 4613 
7947 330 
8425 6488 
2011 2985 
3257 3670 
8711 108 
590 6386 
792 5681 
3163 7030 
3068 8607 
831 3112 
2752 7652 
3418 4245 
6432 6920 
2069 2087 
5351 5579 
6109 3556 
5595 8285 
1518 3073 
1091 7828 
5497 6378 
1000 2890 
4076 3842 
2384 6107 
6077 6673 
2884 6339 
7715 6505 
2370 4854 
89 3091 
1746 140 
1858 7059 
983 2474 
1380 3432 
2845 2963 
2916 3393 
610 5521 
4852 3768 
261 3199 
5756 1904 
2543 546 
4683 2440 
4608 4314 
865 3665 
8038 2507 
6508 7542 
6876 1259 
997 4925 
4929 976 
8328 6868 
1877 7427 
2641 8455 
2492 8691 
3151 4612 
5489 569 
6283 1410 
87 4193 
6015 8478 
7045 640 
8716 7115 
3180 3575 
210 5728 
5292 2008 
5740 4949 
2731 2788 
136 686 
4127 1085 
7712 3899 
4157 8472 
996 6056 
6085 7950 
1243 4196 
6322 4699 
6233 3624 
3295 1082 
7315 1925 
6650 5368 
4836 8317 
4877 5318 
2102 1490 
3680 2223 
2207 4671 
5094 1618 
381 7460 
381 2533 
8119 7061 
2182 718 
3916 7317 
6435 4520 
7546 8474 
8455 3490 
4072 42 
4959 7126 
136 8660 
2646 4900 
1607 240 
2791 2534 
2288 5550 
8398 7445 
7179 7747 
3809 1631 
4057 460 
437 7660 
7333 441 
3661 7112 
3136 3660 
6152 8339 
8497 4659 
1805 3941 
4497 3602 
325 5898 
7143 1459 
6201 156 
5031 1593 
8173 2480 
3395 5722 
785 4027 
5958 2329 
3816 4518 
3054 2693 
5867 7209 
7531 361 
1076 3731 
4035 7423 
427 7619 
6701 248 
6993 2362 
4468 4325 
8027 8609 
5659 1926 
3231 3391 
7140 4373 
5364 3650 
5391 6601 
8150 1537 
68 6492 
6579 2087 
8166 5563 
8154 7956 
2063 999 
5188 6480 
5302 4968 
4067 2263 
7996 3086 
4108 6273 
4184 7558 
4272 5383 
6662 4322 
6124 7212 
5004 6512 
280 5319 
4745 1807 
6676 3061 
4951 4387 
5652 3775 
5812 4640 
8036 3128 
7795 7572 
4215 6353 
1835 4789 
7504 3136 
6443 2633 
3366 1450 
1503 1817 
8623 5872 
4502 137 
6170 671 
210 1843 
8375 5606 
5655 755 
4188 8511 
2056 5473 
8589 7575 
6617 7077 
3057 4482 
8174 8606 
5617 4682 
2220 5705 
8522 5083 
6507 7401 
1103 7180 
1425 2661 
8604 7152 
7080 6262 
938 4230 
7729 2383 
6647 6989 
3866 2727 
6858 5516 
4233 1858 
8298 547 
8133 2549 
2856 4256 
7569 3055 
628 541 
4480 916 
1899 6131 
2199 5362 
6767 7378 
3419 3044 
650 7513 
7436 2405 
5581 2510 
7661 3989 
3422 582 
6779 4984 
3859 2546 
2900 5524 
7298 3087 
5381 7454 
5963 8576 
6984 4132 
2552 1121 
276 5808 
4255 1750 
1539 3866 
7644 267 
1765 1267 
3594 2954 
6881 3254 
132 455 
8358 58 
6995 6629 
2533 543 
3657 2782 
6944 3766 
3270 1997 
6091 1154 
6109 8003 
6915 5569 
7707 5359 
1559 4220 
8269 381 
2762 1235 
3829 709 
6313 7556 
3663 2032 
4395 5822 
1246 3940 
4841 3742 
6575 4374 
8237 6150 
1570 2706 
4635 7471 
1820 1928 
7792 3476 
166 1282 
6843 7832 
7492 4025 
5772 5046 
5712 994 
4021 3222 
2633 2325 
6098 1283 
3210 3533 
1510 3353 
1254 5545 
4252 5150 
896 2090 
5024 3642 
325 4435 
5280 8014 
3839 6589 
8390 8422 
1388 4334 
2914 3238 
137 2889 
1588 1999 
7917 8040 
1898 6620 
3739 2590 
3980 8602 
1525 286 
5546 2943 
3850 1199 
7081 2805 
4555 2516 
8185 4940 
1601 8534 
7205 3531 
4144 3108 
4604 616 
7608 8421 
828 8278 
3210 7280 
7129 4605 
1852 5728 
4381 7424 
7482 8266 
332 4806 
2449 5539 
7304 8629 
167 2211 
5212 485 
2962 7877 
2655 1253 
6291 8232 
6410 4545 
4615 5794 
6504 4181 
7993 5803 
1906 5255 
1336 1768 
7104 8304 
5701 5970 
1783 2373 
4898 5182 
5144 7091 
3992 8031 
499 5226 
8025 5538 
8404 2827 
4032 5753 
3163 2116 
3927 6940 
4881 3512 
6350 170 
1015 954 
1671 4074 
5846 271 
7774 3955 
2572 6287 
5412 4655 
634 4718 
7844 8093 
7444 3608 
3471 4645 
8384 4093 
992 452 
3305 3493 
1556 7566 
930 6352 
2612 1901 
2333 8373 
6950 3418 
4768 433 
8578 4398 
1849 1940 
7251 6741 
315 2144 
874 3319 
5256 7775 
2021 8090 
4522 8361 
2191 3018 
5274 3285 
5570 1386 
8193 1824 
3252 2818 
7759 7936 
2850 1991 
7839 6701 
846 900 
5317 6074 
5475 2191 
6739 459 
4678 638 
8573 4740 
2997 1702 
2287 7644 
5997 1724 
8718 3684 
3998 7142 
5824 2262 
431 8728 
3842 8316 
2286 6680 
3872 4229 
3612 3053 
5051 7502 
2881 2711 
3472 5320 
4893 3114 
7580 4027 
3244 7774 
1458 7438 
379 5543 
2207 5278 
2111 4454 
5163 1200 
3922 1824 
5017 4013 
5873 8680 
6515 2100 
8249 2877 
6324 156 
8122 2287 
856 8158 
1703 3000 
873 4900 
6807 7352 
5086 5771 
2096 5906 
8081 5212 
3577 196 
2140 8196 
986 3977 
7517 4179 
1049 7383 
5668 4366 
2388 1250 
1918 3567 
7858 1794 
3305 3573 
6552 1147 
2371 2648 
2650 3460 
4047 3650 
2467 6555 
296 6969 
7973 7492 
2048 3017 
4244 8593 
8477 6131 
6809 2915 
3396 4695 
6615 3746 
4986 252 
2705 7301 
2194 7950 
1622 1521 
7696 5553 
2129 2237 
7172 3121 
4585 2350 
6729 7360 
7890 4728 
5715 4027 
512 7566 
3807 2580 
356 2921 
3574 1647 
4383 798 
6212 3244 
1873 5848 
7726 5316 
7801 8315 
8055 5460 
837 1773 
2439 5351 
7386 3353 
8564 960 
7385 6742 
7652 2785 
2059 7739 
5775 338 
1504 5508 
8594 4882 
1236 2321 
6181 2032 
3582 6299 
6570 6252 
5957 2201 
5568 4550 
402 6174 
8217 2606 
2725 7555 
2594 7086 
6969 4204 
3645 4128 
1520 5509 
8133 5377 
8488 2793 
1341 2180 
6569 5421 
3751 4438 
461 8362 
4429 5277 
6375 3450 
4043 3340 
304 6055 
246 2420 
4654 6827 
6968 3677 
375 8367 
6749 1910 
5108 3549 
1523 6370 
3382 8017 
77 6973 
8727 203 
3264 7682 
238 1660 
3484 3274 
785 2663 
5516 7520 
8229 1126 
31 3803 
5939 298 
6184 1506 
20 5775 
4104 4236 
3733 3257 
2890 4446 
1445 1961 
6298 46 
7808 199 
5005 5622 
4704 4122 
5345 4663 
1983 171 
3158 8705 
5044 1178 
4669 6364 
4210 4985 
3158 5546 
1855 2896 
8209 5785 
1867 7625 
1917 260 
5719 837 
1150 8480 
1389 1490 
4026 2621 
1704 373 
2361 71 
3444 6729 
2893 1874 
7966 3072 
5308 6607 
3927 4377 
8014 6796 
8200 3305 
1093 1075 
4072 1658 
6341 3403 
5873 963 
3409 4177 
6676 7413 
5396 8186 
8245 8511 
8603 6178 
4443 4541 
1640 6012 
2363 1513 
3179 7729 
4203 1568 
5607 4783 
3870 7182 
8538 7701 
1840 2217 
6088 8554 
7806 694 
4466 822 
2521 6076 
5224 6991 
1195 7201 
3401 4676 
507 7777 
3004 2094 
5575 669 
3217 1238 
532 8645 
5576 1365 
5190 4004 
761 5992 
1530 249 
8178 346 
5793 2325 
1727 5869 
7030 6059 
8503 3652 
1219 4990 
5305 2722 
5870 2543 
5974 7624 
1086 18 
1135 4042 
3490 4864 
441 4146 
7580 5542 
2563 5180 
6046 7036 
2368 1290 
5502 3611 
2909 4945 
3057 5208 
745 48 
7571 5583 
8347 375 
4795 5484 
3291 341 
6983 6752 
1454 8676 
3596 6600 
3777 4938 
1732 7024 
110 3145 
4132 1414 
5322 8261 
945 6806 
3510 4088 
8646 428 
4054 1596 
6534 5441 
4892 4595 
7836 701 
2347 896 
2836 5854 
1730 3997 
4189 6987 
7749 1674 
3015 8453 
2707 769 
6329 6398 
6462 5515 
3046 1383 
7400 1568 
1044 4446 
4004 1703 
6197 2298 
3402 4960 
5554 7435 
3842 3674 
3281 965 
5078 3676 
728 1529 
2547 7194 
2828 6311 
876 3059 
3400 8060 
245 2556 
5624 3803 
6282 3089 
687 7612 
8698 5027 
5139 2863 
6170 6365 
812 4391 
8130 621 
2236 3855 
2549 4808 
8170 693 
1850 1624 
3946 7113 
4866 355 
5488 3510 
3572 6518 
8271 4369 
6826 93 
7896 7938 
6383 8329 
7298 1388 
5527 6772 
4610 7086 
6238 4164 
7377 545 
3164 7034 
7541 4275 
5792 2326 
8564 5825 
1172 6363 
7381 8107 
4177 7173 
2378 1038 
1581 440 
4270 4505 
4268 8530 
4809 5693 
7847 6695 
4 3048 
7869 8648 
4576 1005 
8698 3246 
7859 3165 
8238 1416 
5455 8362 
2764 1241 
5919 6528 
3732 1945 
495 2008 
232 1650 
4434 7187 
6789 6795 
4441 4255 
2042 7375 
448 7882 
2533 4209 
3872 986 
7703 6128 
3067 4312 
615 3539 
8592 3081 
6575 7693 
5797 5692 
2518 5057 
358 2152 
269 6940 
6610 3336 
2534 4622 
8679 8455 
4317 4184 
5486 4123 
6647 5973 
3012 4017 
6650 8364 
4262 2912 
2955 825 
2686 3971 
5767 5067 
4376 8327 
4763 6881 
7614 5063 
4013 7378 
1300 5264 
3280 5894 
1699 8365 
7442 111 
375 3722 
3743 4593 
7270 2319 
1332 695 
5741 1493 
8485 4516 
7021 1557 
166 7704 
5361 3919 
1395 8553 
6461 897 
1870 1813 
2606 5545 
2132 6127 
531 2788 
526 8070 
5411 7726 
7524 8242 
1671 5506 
4052 983 
3679 2561 
1836 4198 
2473 387 
6508 8394 
1213 674 
1429 2817 
1843 2574 
3674 198 
1189 3104 
1934 5536 
8106 4122 
8211 293 
8377 2241 
2019 1593 
7166 4289 
5013 8243 
4969 4240 
8620 7830 
7487 5355 
7256 963 
2390 746 
3777 1468 
8001 4212 
8544 2705 
3538 2901 
7486 3402 
7328 4676 
7609 8343 
4869 7660 
4210 6954 
6332 7492 
3732 6037 
6131 1186 
7494 4358 
7311 7875 
2373 330 
7006 7890 
4523 6536 
5425 3429 
4141 3338 
4490 7480 
8442 4023 
8402 7408 
2791 2970 
3676 5094 
4909 2808 
5960 1311 
5656 8574 
1061 2910 
6054 2157 
2134 8171 
3116 1156 
554 8095 
7481 7031 
4404 1420 
3392 3661 
7770 6329 
2698 253 
720 7800 
3053 5312 
2337 6515 
2650 3697 
5627 23 
2137 5902 
6490 5417 
8213 4127 
4745 2451 
6366 696 
4870 3952 
2095 7976 
825 7645 
3992 479 
2779 7679 
866 4370 
3808 238 
3040 1348 
8565 2701 
4034 8121 
3127 6760 
7697 326 
3122 7002 
4364 6888 
4688 4985 
5083 964 
6331 759 
8241 5871 
322 1438 
6826 3360 
2080 6868 
4570 7643 
4603 3060 
5196 7563 
3389 1187 
2106 811 
6048 2831 
2880 6 
8395 7940 
1786 2627 
2928 5051 
5631 7737 
4705 1941 
2786 7803 
5219 6201 
7612 5778 
1746 7601 
5851 2487 
689 7102 
5921 2601 
5066 3674 
5286 1974 
7226 1603 
2908 3802 
1837 1845 
2862 3766 
4172 6707 
2606 5587 
1984 4230 
5416 757 
5875 7263 
2886 1170 
5391 5207 
689 6625 
566 6480 
3419 8065 
5841 144 
1386 4015 
3748 2583 
5347 438 
7233 73 
6180 3055 
2940 4487 
232 7776 
6985 7852 
4262 7519 
6557 5841 
5332 2047 
7570 1299 
3349 2161 
7010 3040 
4071 4326 
8618 5321 
2261 1231 
3134 2325 
7736 7353 
5977 8217 
5851 5763 
6282 6360 
6837 2804 
2555 7401 
6606 5711 
3543 6783 
3328 5354 
5984 3851 
7849 6069 
2373 1988 
67 8199 
1275 4786 
7770 3503 
6786 7663 
7467 6044 
5598 7604 
5287 4235 
2534 8285 
10 2676 
742 6253 
1337 5858 
1834 735 
3287 7513 
6513 1010 
5484 1352 
1213 8480 
6623 8289 
4372 854 
5729 3077 
8328 8609 
5719 2264 
8572 820 
6516 6380 
359 6548 
7049 6864 
4673 5646 
4442 6206 
2693 2307 
2640 4171 
8319 7137 
7980 6751 
4042 7474 
5112 1560 
6277 5728 
7463 2122 
7930 1513 
6100 2290 
754 2741 
7487 2553 
1053 3852 
4064 5693 
7323 5111 
4140 7076 
306 4211 
1700 1208 
1167 7756 
2194 1099 
464 1293 
381 1474 
8249 3913 
1573 2673 
3583 6130 
6501 4973 
917 1930 
8717 5465 
5263 3540 
3018 6771 
4388 5812 
7490 6424 
1260 2707 
2882 3036 
1863 3936 
3766 1852 
2563 6639 
221 2455 
2775 4946 
5468 49 
1022 2718 
5746 2926 
8160 7955 
2381 8312 
6314 2027 
1516 2747 
1306 6418 
8063 7681 
6857 6030 
6960 757 
6384 3894 
1728 5939 
3568 3447 
2950 4607 
4344 8508 
1087 1017 
6061 8382 
3328 161 
5318 1495 
1085 2313 
4121 759 
6723 2905 
5548 8592 
8010 5011 
6076 6911 
6483 6965 
1106 3212 
902 7208 
3984 7776 
4722 7591 
5139 6938 
4215 7785 
3997 8526 
4378 220 
6420 668 
6498 6805 
4602 8171 
3702 6753 
4704 7827 
1444 785 
5499 516 
7730 2367 
8334 1408 
8091 541 
2308 6996 
3142 3239 
5243 8141 
8502 736 
7587 2949 
154 1325 
2940 6871 
6117 4584 
8139 3685 
2073 7204 
6160 7558 
1136 8065 
4410 3448 
1449 6175 
1623 8082 
5360 94 
4125 3628 
5861 5533 
8653 206 
8369 8370 
4679 1229 
6982 5487 
1486 2413 
7839 6593 
2769 3787 
5858 7903 
2459 8673 
4421 5874 
8296 4611 
3041 4004 
339 4713 
3398 8745 
4015 8681 
523 4790 
5661 3543 
7058 1933 
8171 934 
3805 5948 
5287 3998 
6601 130 
3744 408 
542 3728 
4249 3934 
8741 4673 
7074 945 
4729 2941 
4680 7591 
855 3428 
5505 2527 
8639 2075 
6934 5843 
1549 6839 
8105 7105 
8653 6028 
4362 4355 
4870 2194 
8596 4753 
4037 393 
4306 6069 
5265 3054 
98 7461 
5847 6693 
2400 809 
3919 603 
4853 4750 
35 1241 
2920 7771 
848 6174 
62 8508 
3619 5052 
7151 2242 
622 479 
3664 4056 
2668 3848 
2415 5590 
7823 6548 
4548 2940 
1132 3708 
8381 960 
4276 3876 
6928 6400 
3459 6301 
525 7208 
5468 5135 
5241 5353 
1391 676 
3055 3447 
1366 7290 
1074 7626 
5270 6671 
444 6340 
7083 7410 
1423 1007 
8318 7839 
3697 5385 
1739 294 
6173 7675 
3222 6962 
1155 6089 
6110 632 
6142 6647 
3109 4608 
1046 4691 
2903 5677 
6915 7707 
2895 4509 
7314 6924 
8022 6385 
2136 3775 
8301 3324 
6613 4899 
2724 8631 
716 2223 
6750 7192 
2906 4116 
4677 6856 
1747 766 
4885 6220 
261 3983 
6077 6239 
3065 7640 
2047 5617 
5925 8545 
8333 5984 
2473 7860 
3689 3933 
4258 3643 
6494 7670 
2914 6779 
5629 7351 
446 7884 
8230 8525 
2841 7072 
3487 2312 
8095 7055 
3034 8335 
6163 3927 
2631 4047 
8242 3228 
3073 735 
933 7725 
2334 3275 
4402 4724 
5627 5006 
8404 6395 
1717 4564 
5172 8554 
551 4679 
6697 2974 
5851 7433 
922 5116 
4559 2850 
1366 2343 
4776 5866 
7712 6419 
2690 401 
8219 2873 
5957 8056 
8189 1303 
4498 7881 
6125 558 
2356 4579 
6714 7962 
1939 6613 
471 7918 
8374 5751 
1464 5086 
7174 1488 
1506 6552 
518 8201 
6951 1701 
219 7803 
7413 2572 
3395 1727 
2198 1692 
6662 365 
5244 2226 
1269 6447 
1777 5371 
8283 8055 
8551 3315 
3354 8512 
354 252 
4539 8043 
7120 5549 
5208 6755 
8307 3443 
6674 4673 
5043 7884 
2874 8625 
5752 6070 
1562 7546 
4522 3237 
8629 1773 
1892 308 
1959 7729 
483 8073 
7656 7845 
3743 3421 
4140 3561 
1587 2284 
1323 6028 
5908 1324 
1904 2747 
1963 4587 
1419 6775 
5457 1631 
2928 869 
5312 7412 
4871 740 
8717 7693 
5931 1769 
3016 1936 
2898 5186 
2835 641 
1635 4040 
4303 4025 
3 8674 
6218 1655 
8376 6548 
2050 5161 
2531 8744 
5506 8385 
8363 3120 
496 2381 
116 4768 
2047 3044 
362 2338 
1100 8394 
1548 1423 
7454 679 
4488 4631 
5850 2797 
8017 1203 
7795 7343 
5359 6855 
2838 4021 
7563 5568 
5722 5316 
5084 58 
6458 3178 
4118 3330 
6843 5227 
210 8444 
5426 3633 
7673 4519 
3913 1074 
7869 2658 
500 3391 
1930 2865 
2715 5520 
3843 3884 
1279 6314 
2664 7189 
4228 8143 
8482 7740 
1103 4400 
739 5002 
3462 1227 
2981 2284 
4971 3531 
7350 5117 
6327 8524 
3010 4882 
5886 5567 
1950 618 
795 7793 
177 4474 
8740 8272 
4637 3828 
843 4050 
8451 1120 
5958 1232 
5764 5740 
5494 1327 
6064 3452 
5646 3310 
3656 2118 
2085 5353 
566 8053 
2959 3960 
2966 6499 
3603 1124 
8644 5219 
6045 5876 
2750 169 
4436 457 
2074 5427 
5916 4952 
8064 6349 
3200 6017 
4114 1722 
5377 8309 
1046 1630 
4061 7997 
6963 438 
4792 8681 
2921 1656 
3067 6274 
8702 6959 
329 1000 
6628 1112 
263 8464 
7948 3759 
7713 5102 
5088 6657 
5883 8180 
5976 3417 
3543 2349 
934 3344 
7716 1047 
6092 1444 
4700 4355 
5420 6453 
1786 4662 
2690 7465 
4389 7228 
4295 1414 
5815 6428 
3153 5729 
7049 597 
6168 683 
25 5838 
387 5043 
1006 4345 
6947 5716 
3127 2547 
5418 3114 
4761 3349 
1597 1125 
6513 8335 
6752 2073 
8696 1038 
5659 8493 
6995 8480 
2420 1617 
1737 3352 
1279 2920 
948 6395 
2038 976 
6204 4085 
8230 5749 
5735 922 
1550 3560 
2143 1955 
404 3849 
654 2594 
6193 8190 
1185 5880 
4121 5435 
3718 2526 
154 3361 
7071 6167 
8067 3347 
7409 6954 
5530 3695 
113 2136 
3188 1254 
3555 1114 
3559 6080 
667 0 
7015 3152 
8180 7995 
8283 881 
5691 7029 
678 4646 
2667 7532 
5366 3998 
5248 1241 
7922 1630 
749 5524 
5947 1331 
7216 2081 
1476 5622 
1209 7420 
263 3530 
2278 8500 
5698 8148 
306 6707 
1691 2098 
3059 2877 
3796 5408 
661 6887 
5664 5108 
6258 771 
714 2289 
4875 6986 
8729 2076 
1921 2758 
741 3308 
1241 6045 
2614 5385 
550 163 
6666 6186 
336 2122 
5500 6709 
4515 3323 
394 3218 
5151 8146 
35 3496 
2296 8496 
3155 4750 
8488 4485 
1678 2161 
5392 5174 
879 8549 
4118 3247 
7427 4826 
8203 8260 
126 5044 
3530 3368 
1115 8018 
3090 2929 
629 1666 
1002 7877 
6908 6731 
3665 5796 
5118 4951 
4603 1981 
7532 7928 
4440 3418 
1682 224 
6560 4849 
7669 2833 
6424 193 
1739 7252 
7619 6274 
2532 2065 
2435 6856 
2845 1103 
2003 533 
6240 7467 
5438 2005 
7926 3850 
754 6451 
2074 3850 
5470 360 
672 2809 
2758 3480 
3093 4302 
6178 1777 
5646 3587 
49 3093 
8046 4315 
7130 7621 
5590 665 
1765 1306 
7154 7246 
1326 2709 
4251 1046 
3880 3045 
6331 1101 
2173 4460 
609 8180 
7969 7370 
6439 6701 
4673 4760 
2119 8740 
7265 8050 
3825 5035 
2202 7483 
6029 3279 
3175 26 
8006 666 
6541 194 
284 6245 
2299 3893 
2009 4659 
4945 3322 
4185 7668 
5346 3532 
707 5326 
2923 6500 
5703 5303 
7774 6357 
7781 1326 
1913 8658 
6804 1879 
2951 4145 
2434 3758 
7126 5073 
7632 7969 
6520 2633 
789 5576 
3429 7520 
6321 2856 
6660 1640 
3225 223 
1272 4854 
7875 8718 
4728 4955 
6089 4699 
1997 919 
7529 6727 
4236 1608 
6308 384 
6844 6392 
2277 2155 
3888 1144 
8229 3694 
324 6760 
3538 700 
7877 4438 
8608 5301 
753 5273 
4147 8545 
7960 6491 
6530 2594 
861 6630 
4840 5950 
2844 6254 
7271 7947 
3276 2389 
5005 2768 
1547 928 
5903 3038 
3277 4855 
8685 8052 
4925 3227 
5277 5089 
3374 1426 
5451 4071 
2134 2713 
3855 1884 
221 2960 
5707 4644 
3615 3745 
2764 1930 
3188 4324 
5005 1244 
5130 6480 
4604 3012 
7608 5950 
2237 3590 
7024 8507 
3711 1153 
1045 3165 
1138 5125 
2868 3723 
5467 133 
1830 5599 
1496 6936 
283 3300 
3840 2622 
929 4415 
6506 3270 
2586 2900 
6620 2705 
8725 7399 
94 8100 
1535 2310 
6427 2197 
7823 2340 
8581 4323 
2729 3095 
7442 7618 
1171 2056 
1363 983 
8143 4161 
5125 7898 
5242 351 
5571 2857 
5500 2679 
2472 2835 
5805 2439 
4926 322 
4721 129 
8171 5780 
4522 8075 
4832 5413 
4067 4242 
5440 7756 
6449 3623 
8234 8543 
7701 8160 
7212 1624 
6722 1660 
5447 3656 
7712 6210 
1148 5526 
1453 1138 
8480 4837 
1041 2338 
8486 5525 
5590 6848 
1297 4123 
2105 8001 
4302 4329 
3906 5417 
5096 2700 
2348 6147 
7982 3822 
212 6745 
8018 5800 
6366 7127 
4594 3598 
205 4416 
2915 5403 
1593 3288 
942 4318 
1687 7022 
2463 7630 
7220 3078 
8178 8392 
9 6588 
4487 7518 
1910 2097 
5859 2215 
1177 1420 
1527 926 
5794 5435 
3821 7527 
6897 5042 
4866 6231 
1226 3541 
3156 64 
4645 7169 
6350 374 
828 2479 
8172 3527 
8617 7536 
6471 7260 
3206 8233 
6286 7767 
7499 2082 
165 4570 
535 1834 
508 3174 
4617 7193 
1363 949 
665 4554 
7988 5347 
7327 8537 
6602 1266 
1131 5245 
5330 4428 
586 828 
3321 5500 
728 2032 
4112 5535 
5198 7387 
3861 1539 
5753 2354 
3707 510 
2588 6884 
4218 1102 
332 7058 
2407 1521 
1961 7733 
22 864 
3499 8040 
6158 5668 
6460 1982 
189 5774 
3993 3136 
6124 4604 
3689 7254 
7877 2615 
18 7607 
8595 1584 
8009 699 
3534 5283 
368 6765 
4621 6567 
8617 2944 
2611 8153 
5724 3049 
4229 102 
678 4154 
96 2609 
1169 2141 
3830 4124 
7571 1418 
4347 1148 
5977 7019 
586 7146 
1007 6207 
7136 6238 
588 6248 
6066 4245 
1643 96 
1953 4892 
2969 6231 
4886 7888 
7494 5248 
4615 6759 
3261 3796 
3557 7556 
3888 7571 
6010 1627 
2115 7284 
3480 7325 
2090 1090 
1278 4410 
1870 415 
7835 4961 
1184 7408 
306 3015 
8594 445 
5666 4922 
2290 2240 
2291 8742 
3102 3984 
7215 2931 
8432 5960 
283 2776 
2671 8629 
4409 424 
7896 819 
4320 5670 
1506 1706 
7800 7684 
1809 1875 
2342 5790 
6522 1286 
2593 1519 
184 8018 
7041 4078 
6191 6370 
6590 4066 
6627 7545 
8361 8438 
8072 2873 
94 7736 
2888 5933 
6579 3319 
444 7127 
8399 6524 
1906 4398 
8036 7196 
4828 4081 
1199 692 
8471 6701 
6396 4733 
1815 7288 
7276 1743 
7192 7448 
7948 3181 
6035 4094 
3656 3876 
4412 3148 
2592 2730 
2582 5036 
4240 272 
4347 1600 
2441 4666 
877 6931 
7112 1612 
7985 8212 
8365 7613 
2429 4722 
5721 5051 
451 8196 
8392 3392 
6631 931 
6026 601 
5107 1130 
4460 7096 
1596 1529 
24 704 
7526 8715 
4010 5167 
8212 8205 
5238 6423 
1559 2644 
5110 4505 
1277 5830 
4206 3569 
1830 176 
6744 3610 
3186 4755 
4984 3229 
8497 607 
2669 7896 
6039 8664 
971 929 
3929 2831 
4243 5987 
6583 5831 
7889 3015 
5541 5724 
1870 7529 
5190 7851 
8242 6764 
4217 1122 
8145 352 
1922 481 
6027 4310 
5466 8029 
252 4131 
986 6507 
6240 4229 
8377 5055 
4738 936 
1107 8435 
3271 5082 
2562 6252 
8112 4800 
703 5571 
7698 7041 
7713 4086 
4141 2181 
7715 4188 
6952 8365 
4974 343 
5085 7817 
7783 7150 
1419 2160 
5967 2405 
5232 8734 
5435 8045 
267 8209 
5515 1963 
3620 3508 
8186 1457 
229 4437 
1276 377 
7571 2952 
5002 4631 
5981 1087 
1748 569 
2421 5661 
7046 2321 
8688 477 
8722 7957 
2816 1175 
7224 2875 
2513 700 
1559 6632 
2538 766 
416 4708 
4384 5628 
6264 3890 
5898 567 
7494 4732 
2007 5693 
7107 8335 
383 4960 
506 83 
3146 33 
2179 7122 
878 101 
7575 8604 
1331 665 
3263 558 
938 1664 
2518 7897 
1229 7925 
7797 7120 
3148 6954 
1221 1164 
698 277 
4389 3549 
5181 4183 
816 1743 
1039 6844 
5735 3513 
5155 5724 
5438 1733 
8450 1088 
8431 1182 
2505 2241 
1293 4946 
7783 3686 
310 6060 
2379 8146 
2504 256 
1048 237 
8555 827 
422 2147 
7411 8428 
3121 5556 
273 4822 
4582 6924 
997 1543 
5087 3883 
134 639 
6549 462 
4328 2351 
3430 7827 
7505 8236 
10 4619 
624 768 
5206 4096 
6101 1534 
8511 8460 
5120 7011 
2433 6523 
297 3986 
2741 4782 
6585 8127 
2106 8116 
4819 6544 
5010 4697 
6216 2420 
7441 7810 
531 778 
5814 5033 
1342 2443 
5530 549 
7750 489 
3609 2090 
5771 2321 
1864 7422 
1732 6763 
2749 2851 
2026 5799 
7242 1465 
3834 6456 
4857 2128 
6744 8139 
628 1066 
4273 4224 
4721 5759 
5515 5562 
8476 7811 
3954 1050 
2362 1938 
3343 798 
8689 1124 
8314 5337 
245 81 
7114 4930 
6088 4778 
6843 4031 
4545 1665 
2096 5165 
4517 6882 
2118 5518 
1850 5489 
7772 8443 
4878 2161 
5958 4711 
8705 6857 
8241 2836 
5427 2050 
5890 4696 
2101 5166 
3994 210 
617 4971 
8677 1726 
4846 5073 
2846 7045 
2086 7031 
940 4092 
1680 6590 
679 6218 
8617 5398 
2357 6337 
7026 3249 
1018 2912 
1786 1696 
4723 2823 
8033 6255 
4316 887 
7340 2496 
6562 5970 
6027 5041 
781 6061 
927 7277 
273 2209 
1265 6777 
2899 4929 
1086 1727 
2336 2478 
6619 730 
8397 3272 
4287 5722 
5470 8650 
3667 2787 
4454 1593 
8466 5996 
4997 7125 
7691 5860 
7520 7066 
4020 535 
8686 1043 
3374 3982 
8421 1250 
5776 6954 
1460 7079 
2399 1471 
2924 8494 
2009 5292 
169 2167 
6172 5200 
1964 4026 
5044 2671 
7577 7417 
5657 2523 
5883 6169 
1188 931 
133 3312 
8438 5324 
5925 805 
5576 6625 
3594 4057 
4129 6765 
3482 6219 
455 4017 
3610 5165 
6073 1062 
854 8154 
5880 5858 
5337 3500 
6910 6130 
7401 8627 
6106 606 
2306 2015 
8312 1493 
2050 1507 
4075 2014 
4441 1353 
1801 3717 
8283 1971 
7734 254 
4647 262 
5200 335 
8208 3779 
8238 1411 
6372 8289 
3240 7525 
3435 3798 
3717 3511 
6126 3907 
8308 8546 
1503 7964 
3091 1219 
3416 8680 
5451 6650 
6593 6070 
1641 5461 
1775 2952 
5329 6699 
4970 456 
626 3995 
6139 2134 
2249 2544 
3876 4214 
6847 3625 
883 1819 
7196 2855 
6308 7842 
4637 8195 
2645 5839 
961 3385 
6877 963 
953 5721 
3307 2903 
4319 3531 
5306 1470 
6914 8349 
2797 5743 
6678 4170 
2685 7039 
5197 767 
4221 6328 
8221 7519 
3606 4081 
6458 6534 
7237 6623 
3437 5054 
6831 8657 
3563 3225 
3571 565 
2025 4129 
6264 627 
4764 1293 
3371 8044 
6814 1354 
2169 7639 
2439 850 
2371 11 
8402 1970 
3588 947 
7293 4921 
3846 5970 
566 8359 
8047 2859 
3838 3961 
6009 4722 
231 8212 
993 1223 
355 212 
67 1881 
6295 2512 
2700 5713 
4405 8274 
1833 761 
4169 7966 
2752 6598 
7416 5456 
553 4397 
4834 8321 
7053 5921 
4331 2565 
2549 6184 
6710 7144 
7574 563 
1229 1867 
8368 5975 
4374 1588 
939 4447 
4115 8335 
6482 1754 
2820 3177 
820 7597 
5962 1937 
2407 1930 
3152 1137 
3900 4009 
7707 6172 
6167 1572 
6760 8228 
5328 3940 
5363 3937 
3367 375 
5666 4573 
5595 7497 
176 4499 
5193 6240 
4939 3548 
1222 5004 
2626 5716 
4507 411 
1963 5030 
5685 5954 
5950 8402 
4338 8630 
6071 3583 
3569 1742 
95 5159 
6303 5340 
4515 7836 
6721 6333 
5901 2913 
5813 3457 
4072 36 
1829 6276 
7658 4105 
6809 3140 
276 2764 
4078 8354 
6046 1636 
1909 6677 
8224 3621 
6732 5349 
1503 8631 
6453 2054 
7820 3435 
2232 3307 
4727 3829 
5438 2836 
7095 1608 
4474 1044 
809 6652 
357 1354 
8554 6757 
7523 8274 
3621 5535 
8463 6489 
3513 7545 
3729 2781 
6800 3600 
1968 3280 
6275 4156 
260 4403 
1648 3020 
2672 3285 
7161 8161 
492 3310 
2602 3857 
4416 6882 
8672 7977 
7869 2129 
3434 8368 
3693 3966 
1642 6714 
7224 325 
1506 5578 
2457 6125 
4948 2374 
8303 2649 
7463 324 
320 4567 
6731 854 
7493 8441 
760 5600 
6410 6970 
6556 1453 
3333 7136 
7259 2489 
7403 6258 
1940 5648 
1721 3510 
5311 4388 
7984 1443 
5344 621 
8653 6029 
6352 5740 
298 7665 
1793 7728 
7182 2740 
8346 572 
7941 5694 
5533 3295 
4684 5789 
8034 2875 
2233 8277 
2671 3386 
3066 6723 
7763 2371 
4216 7990 
2470 6938 
6712 540 
6109 184 
4279 6585 
8653 6328 
4716 4025 
3294 1133 
7600 4344 
2920 7638 
6669 8725 
980 8431 
6586 7084 
2428 8035 
2351 713 
7012 5919 
1581 7287 
7768 235 
167 2889 
2358 5212 
5781 6665 
5858 2341 
4276 3057 
2671 3749 
2876 148 
4775 2194 
4194 1999 
3487 2264 
295 3653 
4803 2867 
7630 2425 
4969 1502 
6122 4739 
4962 6028 
7814 3323 
8235 2211 
4197 5599 
5930 7813 
8667 1555 
8116 3276 
6052 5442 
1429 5060 
7557 3591 
2028 2843 
4055 7945 
619 6237 
1091 1655 
4098 3991 
8628 5474 
1036 3078 
5971 6373 
7734 3328 
1378 200 
783 8355 
1099 5222 
1721 422 
3151 8563 
5863 714 
4000 7165 
6104 5785 
1366 6287 
2387 1111 
3601 6374 
2748 8706 
5653 1579 
2938 4688 
2933 8735 
7971 5728 
812 5310 
7080 1574 
5965 6629 
1560 7751 
8222 720 
797 4121 
4019 8379 
579 977 
7511 1952 
3926 6952 
7553 5739 
1025 7668 
5581 3341 
5493 1595 
6747 7673 
1180 6688 
140 6975 
149 3083 
5467 954 
7738 3667 
7353 4182 
6605 3489 
1920 5189 
8689 4196 
2587 6759 
1405 3702 
4641 5197 
7579 8666 
6930 1050 
1988 662 
6938 8188 
260 3236 
7269 2616 
3841 8311 
3734 6906 
3751 1861 
3365 4424 
3145 4036 
4441 7928 
83 3148 
1749 4634 
667 6135 
2026 6929 
1561 8483 
2607 3927 
1678 3244 
7378 1125 
4358 4334 
3980 3640 
8033 4484 
886 3957 
1293 7285 
4430 977 
8180 4619 
5291 4888 
8590 3342 
5833 2560 
7335 7477 
6757 491 
2993 8037 
2170 5883 
1232 6919 
5769 5079 
7921 267 
564 2891 
8327 6118 
6859 4118 
6514 6336 
2439 105 
3231 5365 
2413 83 
3413 6733 
4215 7711 
3735 5428 
5832 2447 
1038 3116 
6681 7723 
1670 6471 
1318 3629 
3645 6087 
139 4197 
5339 7820 
1115 3735 
4304 2765 
1826 1678 
7035 6212 
7538 7390 
4695 2101 
7214 6665 
8372 7985 
12 3981 
4333 2524 
2605 2492 
2677 6927 
2567 3285 
2728 528 
2239 483 
3797 5146 
2268 8553 
7350 1481 
5700 4114 
1920 5366 
4644 2257 
8512 5465 
1435 8487 
3210 1602 
288 6022 
930 8462 
8407 2739 
688 6575 
7289 770 
2352 739 
3286 2291 
1524 1020 
2027 806 
5994 4475 
823 1980 
1870 6657 
8241 7947 
750 6651 
1566 8321 
5196 5708 
8488 6831 
1203 7833 
8051 6395 
5973 1549 
817 4307 
5607 5254 
1490 8686 
4180 7975 
1603 5640 
7016 5057 
5786 7712 
1341 2030 
6108 3339 
938 1061 
2179 1431 
1091 7604 
8163 7606 
2036 4087 
6676 880 
3698 4944 
7426 986 
3569 4388 
7863 1319 
3460 750 
1012 4380 
1379 2005 
8361 8693 
5135 7126 
5489 3997 
4652 4704 
5546 582 
8435 1474 
799 7600 
2706 8395 
324 1283 
595 464 
833 2530 
7104 275 
2244 2295 
7486 1374 
956 4942 
3209 4073 
5723 3070 
1058 1287 
7043 3925 
3488 4809 
226 2655 
5628 1302 
2045 5953 
8657 5013 
1639 2100 
4656 1948 
6003 195 
2492 1272 
914 4056 
891 4228 
6321 1582 
4742 7075 
7771 6133 
2230 2539 
8428 5964 
8497 5079 
8297 7602 
5592 5569 
5596 5218 
7581 2024 
447 2376 
3805 5838 
8320 7779 
4763 7548 
5733 7463 
3444 6703 
6203 8237 
2028 6107 
5035 4906 
1433 7588 
8654 1423 
450 5584 
547 328 
2548 2391 
3630 3874 
2355 393 
5818 645 
5368 7273 
8176 1212 
3920 7070 
6993 6125 
4508 3179 
3545 766 
344 6070 
5405 3443 
1994 4491 
577 5778 
5289 2582 
172 3610 
5582 7134 
6309 4103 
5909 2158 
4270 1761 
7746 8582 
7701 5924 
6553 4550 
8450 3623 
8114 7670 
8606 5463 
6681 1450 
7095 8154 
5813 8567 
7193 6896 
1147 1983 
2660 1395 
7729 7262 
4406 5728 
2865 8379 
707 5114 
948 2835 
1577 3686 
4166 736 
2261 6320 
644 3383 
2412 7252 
5822 8358 
3327 7800 
618 4643 
3051 7590 
7549 2793 
63 1800 
6289 4034 
2502 5901 
6911 5777 
1832 6759 
1625 2656 
569 3913 
4587 6061 
7384 805 
1649 6195 
2572 337 
2183 3451 
2964 3181 
6744 7690 
3855 7402 
464 4732 
2562 2188 
3556 2018 
3354 6774 
7388 1305 
4345 7622 
7099 8168 
164 1416 
5024 4720 
3141 3859 
7577 6344 
3054 1954 
4167 6232 
7433 8046 
5307 101 
2455 1397 
6867 1317 
5626 6624 
6861 6743 
7134 6561 
3057 7290 
8101 4631 
781 1766 
562 8666 
947 872 
1639 1051 
8004 1012 
477 6153 
2673 3086 
5038 4539 
2959 2206 
2997 3095 
6541 5935 
7803 4447 
497 1876 
6621 1442 
2291 7833 
3600 5898 
2266 1423 
7328 6852 
1715 7364 
3852 1427 
3834 6944 
1235 5383 
4358 2800 
111 2833 
86 2334 
749 3039 
1589 3224 
1598 4360 
2430 2275 
3919 3178 
2759 2893 
1642 1808 
255 6859 
1193 1242 
2058 753 
4435 5696 
1438 1991 
3154 4042 
5509 902 
3654 1803 
12 3833 
1573 2593 
846 2683 
6845 6347 
4167 2142 
2684 1316 
6099 8068 
1602 5136 
391 5163 
1386 8072 
2889 6622 
4272 8006 
8025 8445 
6037 3426 
2479 6779 
4358 3809 
6533 3965 
7760 6712 
7320 7826 
7931 1841 
1263 3626 
7430 1131 
433 519 
6411 7459 
8163 6033 
1574 718 
309 1849 
2527 7609 
5455 3787 
106 5973 
7338 3249 
8424 6370 
8678 628 
3618 3663 
1148 5158 
2380 5420 
3133 272 
1810 6748 
668 5620 
877 6949 
538 907 
7438 8504 
3332 3582 
3432 8655 
1518 7134 
7473 253 
6824 3857 
7213 7548 
4753 4586 
8014 4866 
3436 5130 
3693 500 
399 524 
7568 5649 
6801 1427 
6656 2490 
87 3821 
7023 1083 
6436 5730 
2014 2203 
762 2424 
3996 790 
7494 4299 
6797 2506 
5293 6849 
2260 1459 
2762 1336 
3251 8185 
2694 8456 
8441 565 
7086 5464 
2636 5408 
7882 2380 
3108 376 
1028 5021 
804 1132 
4485 6948 
3876 5124 
1585 3749 
1769 2 
1107 5113 
848 3321 
3118 7504 
509 5096 
6033 1981 
727 4757 
5094 4601 
7161 6531 
6907 1465 
5346 6357 
5819 7812 
6423 2004 
7797 5036 
4306 1678 
518 7201 
1735 4128 
5498 3189 
2690 7991 
7242 5547 
2558 5488 
2984 359 
4206 2473 
4481 6926 
161 2464 
5862 773 
4183 2663 
3135 4534 
2969 7648 
1173 7576 
2582 717 
335 3506 
8397 2089 
1683 4637 
2337 2030 
502 14 
2193 3342 
1231 4970 
2077 7491 
5458 105 
3789 4939 
929 1060 
5639 6453 
5829 6995 
6947 1791 
6787 6341 
7481 957 
3330 6480 
5684 4565 
3515 2876 
7333 6067 
5909 1995 
7775 6071 
2569 28 
2909 1656 
5593 7544 
6071 2656 
5643 5991 
5294 7328 
6923 2564 
8048 7766 
7296 8064 
3251 2334 
4280 4538 
7168 12 
4094 4794 
2234 2443 
6647 4868 
4222 8004 
4325 5715 
5672 4195 
5966 3753 
7086 7601 
4105 4445 
221 7384 
1964 3179 
182 1905 
7217 7968 
5847 3230 
275 525 
5869 7435 
369 22 
3917 1521 
6061 4406 
6737 5839 
5377 5271 
3934 2046 
4476 4457 
5712 3982 
7238 343 
90 3452 
4394 1786 
6725 2195 
6123 2578 
4742 2118 
3934 2007 
5559 4276 
8490 4013 
2817 6275 
6885 1825 
3175 5843 
2957 5281 
3168 8631 
5730 8104 
50 6696 
3096 8322 
1942 1948 
1204 6210 
1110 5473 
471 2134 
4725 3317 
2927 5713 
1810 3086 
2396 8682 
4736 8355 
2889 7664 
8003 3083 
6789 6034 
3476 5295 
6694 732 
8724 8081 
2633 6909 
6694 6495 
2506 3745 
7007 4839 
6584 1424 
758 4268 
8280 4865 
8334 2857 
5175 8367 
7505 3972 
6215 7290 
8431 1125 
7603 5495 
5982 305 
4249 5678 
2033 7135 
4922 1695 
20 8573 
4943 1387 
6758 2741 
6056 1721 
5064 6319 
734 4964 
8361 656 
1862 4497 
7370 3584 
877 1878 
5582 1299 
6452 3032 
7548 3530 
2062 2383 
7043 6962 
2953 430 
3861 1799 
4223 3852 
7428 2321 
1030 6036 
3778 4841 
3280 2397 
4470 5635 
5343 3484 
8517 8730 
1412 6912 
5160 1715 
6 5722 
5867 5708 
3683 2585 
8544 3862 
8137 7465 
8033 6831 
3056 2322 
8687 187 
6743 4328 
2245 882 
1246 227 
2210 3065 
934 4078 
7147 2461 
8412 1682 
6710 7179 
5323 4895 
373 5753 
1260 6590 
8400 3498 
3965 5343 
2470 2270 
2718 1188 
930 3113 
1122 2913 
3655 38 
5750 2699 
1694 1598 
6008 244 
3254 6900 
6785 5225 
2286 3065 
110 5174 
7164 8091 
8159 1341 
3694 897 
5607 1502 
1753 4227 
6287 1564 
5119 3731 
7928 642 
8368 6285 
3816 132 
8547 539 
7041 5313 
2470 8729 
5879 3758 
3777 6796 
5899 6624 
8330 8490 
5529 2550 
5415 6173 
5602 6795 
2544 5459 
1805 8600 
6390 6107 
4482 7241 
6339 6047 
2244 2371 
1940 4045 
8333 7805 
1135 7852 
3960 6998 
4486 5687 
4838 5587 
7702 4127 
8046 8636 
4098 3415 
1344 3974 
3501 5988 
8475 4091 
280 1026 
4814 3377 
1163 552 
6459 981 
2260 7562 
5395 1891 
2142 2850 
2500 3248 
126 6927 
8437 4639 
1909 7187 
8722 1467 
4837 3786 
4626 2325 
7711 7028 
5730 7243 
7300 7355 
1006 3329 
4631 2959 
4016 6326 
7440 7836 
371 6333 
3430 4322 
1125 7271 
5299 5364 
7570 5469 
4648 862 
4957 7272 
4926 7899 
7704 7735 
6553 4127 
216 6793 
1014 2249 
123 3316 
6787 3736 
8023 7095 
2041 4092 
392 7864 
6332 6165 
611 5124 
4049 5682 
1416 7531 
1381 8576 
4675 7575 
5679 3670 
4022 4547 
495 2201 
2355 1447 
7942 3872 
6848 8297 
1613 320 
1998 4748 
3648 3465 
532 6281 
6340 3065 
8228 1209 
7120 6571 
5318 6161 
6156 2396 
1259 3175 
213 1652 
592 2719 
1955 7222 
7518 3823 
1709 6482 
5240 4023 
7267 2194 
2020 4546 
1960 217 
1590 2546 
1035 7427 
7998 2996 
6721 7007 
4645 7081 
4190 1682 
1354 497 
1860 3459 
5722 3791 
6382 7270 
8406 7285 
4768 75 
6961 1701 
4413 7884 
5423 6065 
707 8687 
220 664 
636 462 
3430 6453 
2263 911 
4011 1577 
4184 3942 
124 3322 
7264 6603 
6555 323 
3685 1070 
546 5509 
4130 225 
988 4903 
7481 1611 
6244 7787 
6181 2488 
1809 3439 
3562 7972 
8248 7380 
3466 5642 
5210 6384 
3783 4058 
3745 1560 
2346 2013 
2694 5715 
6252 2237 
8526 5397 
7994 6741 
5644 4968 
1320 4179 
7906 7890 
