9588 8017 
783 9389 
2124 1491 
2584 4029 
3808 2582 
3754 4512 
2892 7129 
8707 4427 
3686 7398 
6610 5547 
4647 2859 
3163 8181 
5713 9073 
7584 5259 
4578 832 
2934 7276 
1717 1484 
9223 7342 
492 6358 
5753 90 
3142 9330 
4653 3848 
4872 5828 
3001 2197 
3004 3015 
6158 5419 
4605 1598 
4463 6186 
59 8008 
5765 3756 
3143 6878 
7334 3846 
2877 5300 
351 911 
5913 356 
215 3930 
9430 8445 
5641 5983 
2951 4445 
5241 6255 
5997 3826 
125 4495 
6095 3693 
8199 9024 
2221 2101 
3221 3990 
466 8013 
299 7299 
6686 6431 
8881 1589 
984 637 
4407 1484 
5134 8109 
3122 8638 
1645 2183 
1421 8531 
6979 4588 
815 344 
746 734 
2705 9494 
3029 2938 
644 9058 
894 4951 
7436 2028 
4027 3538 
4555 7533 
9165 2499 
7822 5610 
5489 3049 
7492 2353 
8648 4195 
1089 3023 
6735 6507 
3838 9343 
8000 6431 
6231 1105 
6053 839 
6693 4040 
5382 2001 
6631 2492 
3152 7878 
577 7120 
5138 7343 
5206 6177 
1 3500 
6866 1918 
5334 7169 
535 7479 
3992 1524 
2982 4052 
5198 9403 
6030 3574 
788 7650 
5281 975 
5767 1843 
8948 4301 
4620 3053 
6134 7426 
8192 844 
9088 2597 
2679 1480 
2771 9529 
1169 4041 
3930 3243 
6746 8872 
3542 8124 
389 9462 
6779 3058 
6553 7594 
9283 8398 
3958 217 
762 9270 
306 8718 
8841 378 
4633 7319 
5278 482 
7117 9289 
6037 1947 
9258 8533 
6337 5551 
716 5031 
6135 234 
6150 4586 
5260 8333 
5407 5367 
7030 7783 
6202 5612 
2556 2795 
2058 6663 
1711 6925 
1479 8176 
5596 7904 
915 2527 
9473 2897 
422 7170 
8060 1935 
8793 8045 
4602 9156 
8037 2696 
3101 7602 
993 483 
7585 8448 
7043 4548 
5401 9380 
5989 2718 
9430 4063 
6141 511 
5662 5195 
7602 6019 
5398 2160 
7768 4190 
3953 4466 
9241 7632 
8412 8157 
9211 3169 
3559 5095 
6140 1212 
7032 2344 
8028 5673 
4485 6754 
1792 7362 
6598 9391 
5285 8857 
6847 1435 
7842 2489 
2075 4777 
8409 2506 
692 4907 
3903 1935 
4355 5779 
479 9532 
4405 3779 
133 8451 
8093 8029 
1859 5286 
4209 3787 
6973 601 
759 2274 
689 7987 
3873 4061 
1240 7045 
7387 6572 
4639 1396 
838 6435 
2562 5637 
539 3846 
334 7316 
7160 6510 
443 7399 
6192 886 
6983 7117 
1559 4592 
8352 357 
137 7555 
7712 9039 
2749 3997 
8870 1547 
7660 5227 
8784 2105 
3290 5470 
7718 8320 
4111 749 
5879 3043 
9475 3419 
5577 2258 
3984 2756 
9207 7622 
1442 2308 
6278 3599 
362 3772 
9034 5379 
7046 5018 
7769 5847 
4639 7273 
6798 8835 
5167 4734 
6714 4338 
5814 9447 
4479 192 
6159 2625 
7272 3248 
1959 8867 
9468 4391 
5458 8297 
4034 3053 
3471 9307 
502 2396 
402 8698 
431 1700 
6268 7071 
7809 6952 
610 5748 
8188 5720 
3386 4185 
6247 4390 
6966 8674 
902 6160 
2357 2761 
2103 5692 
4218 252 
9021 6994 
9044 5034 
985 3565 
7592 2556 
91 3502 
981 6837 
3976 7783 
8901 1595 
8998 6962 
7842 673 
5078 1518 
2788 482 
2223 3045 
195 3570 
3333 740 
2727 6632 
7525 4906 
5674 6876 
3940 8447 
5940 2062 
2710 2074 
769 7891 
7460 8157 
7637 8600 
6787 177 
2326 4361 
9281 5064 
4128 1019 
6674 920 
8287 3688 
5107 2192 
1697 3042 
5674 1577 
8830 6016 
906 1347 
5989 7283 
2845 2441 
4604 1215 
8514 2119 
8196 6628 
3369 7043 
6774 3425 
8468 7215 
8044 7860 
2602 2604 
8732 1474 
3426 7361 
382 2591 
4025 337 
3863 4018 
7811 8577 
3513 8205 
813 3148 
3866 2644 
8851 2895 
8814 7074 
4238 6733 
8454 7478 
6727 2426 
3567 2804 
5390 4037 
4416 7376 
9473 167 
3388 1802 
1573 1623 
4537 7831 
585 8353 
4306 8310 
327 797 
7893 9400 
9228 4937 
2929 557 
2343 6337 
4544 5967 
165 7220 
5427 6469 
6545 7252 
8530 1776 
3772 5735 
1894 2587 
8895 4063 
4023 5862 
1194 1992 
2095 2494 
7079 6023 
7561 3626 
6226 1313 
9286 9166 
5530 2688 
8098 9206 
1389 8945 
7471 5900 
2456 6125 
3993 135 
2256 820 
3785 6006 
8632 2086 
9361 6372 
4284 8435 
7762 5940 
856 5715 
6099 3541 
7693 967 
6020 4774 
4503 1679 
1579 4112 
190 255 
8997 4836 
1660 970 
7918 728 
7519 4581 
4694 9578 
3540 7398 
8176 6507 
4131 3068 
3508 1039 
8929 8903 
7799 7709 
3683 3753 
3674 5883 
9250 1747 
3814 4447 
7747 6781 
2283 264 
5014 5508 
4067 4208 
9398 4010 
8057 8451 
3297 1241 
8319 5842 
5274 2774 
9434 9192 
8323 4620 
5568 5917 
4016 6131 
2725 6240 
4525 5761 
2353 5015 
6302 444 
3782 8738 
212 8854 
388 1645 
3156 7762 
7374 320 
1365 4511 
154 1693 
4693 358 
6657 2083 
6166 4658 
3829 1147 
1474 4705 
7764 798 
1419 3071 
5747 6680 
3697 5886 
6325 7359 
9580 3550 
7487 669 
5831 9199 
2584 8497 
1607 5071 
5025 3344 
3186 8008 
6412 2246 
122 6358 
5088 9136 
5916 9569 
5993 622 
3238 8858 
7332 3445 
962 62 
8368 5277 
627 5491 
2633 3639 
329 5375 
8890 6758 
7814 7300 
3355 2079 
4847 2548 
8815 1347 
8790 5461 
8629 4508 
4000 437 
1772 2779 
6000 6940 
370 8295 
7190 8925 
8282 5905 
3217 4183 
3597 7757 
7595 8856 
8013 838 
8731 5783 
7563 5800 
3384 8057 
3321 5087 
6220 6012 
4441 358 
718 4446 
8755 8092 
5789 9296 
8072 5139 
3883 7093 
8082 7467 
8471 5039 
5165 7146 
7503 5257 
7146 8426 
5683 8550 
1402 693 
857 7806 
1881 3344 
3520 5050 
634 9402 
6080 2177 
3640 7332 
2499 4989 
5281 5149 
2509 1186 
184 2773 
2660 3288 
7745 8465 
1248 5737 
6952 7191 
7420 2229 
7365 8827 
8573 9432 
4207 1396 
1596 3953 
9053 7838 
3666 4225 
7584 3551 
5480 7806 
817 5961 
359 3590 
7873 9457 
635 8048 
9471 3450 
8837 5622 
7767 4039 
5612 6410 
7704 2098 
978 1863 
7908 5060 
4301 3806 
5016 5205 
3303 3087 
2155 6632 
9409 9233 
4911 1198 
112 8587 
4643 5397 
6318 1475 
2480 4333 
2381 4436 
5706 383 
6415 7179 
2503 1173 
7670 7975 
807 7641 
4920 6831 
5264 9138 
1071 5313 
1931 2871 
7490 8007 
3563 1605 
7629 8743 
8111 5764 
1564 5527 
5042 2089 
3866 7740 
5794 7807 
6981 9429 
4579 3465 
5534 5535 
9082 2641 
2969 1691 
7305 3244 
3863 7548 
2082 3540 
1619 8435 
7378 3123 
4521 6455 
824 6409 
6300 5821 
2080 9032 
6434 8303 
9472 2030 
8670 7728 
331 3511 
2870 3024 
4272 5108 
367 5918 
2739 4756 
9360 8741 
1838 7187 
4598 7433 
6487 7360 
3132 2385 
3705 7825 
788 3315 
5575 8290 
6178 2817 
5737 6561 
888 6232 
3648 5134 
4150 7416 
2041 4250 
5189 4804 
3565 8900 
1746 6755 
6459 4379 
8954 5592 
7125 1664 
5121 7970 
1699 5320 
4568 7099 
1657 4603 
1288 6343 
3198 105 
3059 6080 
4462 3087 
8734 3096 
2562 5545 
3104 8761 
8439 6407 
1106 9182 
5382 8404 
3223 7717 
5078 2244 
2348 3250 
5185 2336 
1924 8030 
8265 8361 
9325 1506 
1854 3861 
2601 1761 
1363 6508 
8460 6064 
9151 5430 
1437 9451 
472 4917 
7090 3607 
2636 4266 
8478 1226 
1435 9315 
946 5344 
296 6784 
7701 5780 
4601 4549 
1130 600 
3329 5710 
6822 5531 
9087 5070 
622 9315 
8576 6059 
2275 415 
5750 9550 
5304 7555 
7004 8175 
2648 1414 
7112 3027 
2340 357 
7894 1568 
5398 2432 
5652 4459 
7541 1847 
2688 1471 
3483 8501 
1864 3982 
5036 6516 
8027 8797 
2336 4582 
2535 7271 
5628 4638 
8314 6615 
7822 741 
425 3184 
2499 5658 
5495 3832 
3711 7324 
4460 5323 
1350 5252 
2788 8253 
3064 8153 
5150 5591 
2069 7226 
4275 3058 
9457 4836 
4835 578 
2137 7759 
7469 313 
1120 2642 
6328 3851 
8332 5742 
4311 3023 
8720 5697 
7885 3555 
122 5980 
5515 2107 
296 8097 
3415 273 
8581 5464 
3596 1284 
87 2105 
5035 9152 
8802 7014 
8810 4252 
5109 2279 
9080 7860 
8001 1532 
3685 8171 
8937 3507 
1767 6423 
8856 8770 
7766 7163 
2911 366 
7426 5427 
3737 2141 
4207 8980 
1998 3277 
3328 1319 
6197 2697 
1913 8786 
2272 6076 
7710 2951 
5767 9547 
288 9317 
2803 9186 
2968 8331 
2064 9481 
4284 3834 
3136 3094 
9042 2734 
8995 6537 
7669 8566 
4062 4288 
1716 3236 
8463 7332 
5783 4879 
676 1052 
1998 8991 
2773 3288 
1149 5267 
8317 2665 
2699 6792 
2512 1593 
4745 7096 
3042 5090 
5040 7052 
5649 1171 
9174 8985 
5565 9321 
1931 5822 
7207 7435 
5458 307 
3547 7574 
4334 2838 
3317 8682 
413 4657 
7129 3713 
3872 1338 
2258 5052 
7585 3229 
1839 3347 
6369 3089 
7195 6958 
9480 7433 
3536 3922 
8048 7976 
5720 1303 
246 7867 
6205 7482 
2658 2207 
4637 6906 
8597 6881 
1606 3485 
9128 2701 
5246 6486 
4524 3372 
3361 2824 
1376 6405 
2485 7199 
5261 9190 
6320 4128 
8420 9440 
335 7115 
6020 1409 
8335 4635 
8797 7385 
4492 4032 
4466 2606 
3559 1725 
1936 6290 
4484 3366 
5849 644 
876 5980 
9375 1144 
477 8842 
7643 6920 
8216 4596 
1525 1203 
3518 7334 
6328 1881 
1250 5845 
299 4839 
4461 689 
50 579 
3837 6558 
7651 4985 
7154 2265 
2385 1700 
1545 8695 
91 425 
1912 7753 
7294 8336 
5460 9458 
8675 7841 
1229 5728 
4751 8957 
5804 5276 
7794 3061 
1063 6960 
3171 4412 
8920 3862 
5567 303 
7802 7459 
3193 2928 
7217 1571 
5750 8093 
3708 2422 
823 7243 
4132 6293 
7677 3619 
2018 4121 
6655 237 
3031 9098 
9420 2600 
7850 2751 
3317 1804 
374 8367 
7412 8088 
8720 9527 
2536 251 
2826 8567 
1645 2505 
2973 2026 
2690 1332 
2683 7068 
1806 2924 
2061 7908 
6517 2583 
3924 2649 
1004 5198 
4980 7771 
5714 1973 
4124 7513 
6428 2995 
1877 222 
5298 5445 
1289 7154 
3161 5850 
8806 4232 
5360 7199 
3652 8745 
3284 429 
2919 2094 
2046 8489 
9169 151 
7484 2 
1123 1718 
884 1756 
6025 4170 
6047 1585 
1370 2668 
7582 310 
5655 6502 
1989 4090 
162 4695 
2678 9089 
2232 9179 
3529 7780 
7397 5818 
7827 4304 
8449 8506 
4559 897 
2603 4119 
7168 6473 
4941 4945 
3848 6812 
7564 1782 
2794 2940 
96 9393 
4853 6541 
790 3646 
394 5776 
5041 30 
9071 289 
267 9572 
7445 6351 
3167 6250 
160 7062 
9059 1736 
3229 2593 
743 5903 
8142 4577 
9550 261 
3982 1560 
3529 8013 
8412 6132 
8679 5421 
6578 6757 
2619 4061 
1475 4045 
8424 5369 
1085 880 
7550 5249 
5276 9309 
8429 6663 
6957 8988 
365 12 
5849 3710 
1260 1174 
3634 2372 
4114 844 
3121 3016 
5917 4925 
4164 6484 
2222 4254 
595 7755 
8683 2812 
1582 5532 
1784 2878 
4389 5123 
6117 3935 
4940 9059 
5411 6011 
2347 7576 
2398 6269 
8906 3800 
5885 6894 
9527 6231 
981 2274 
2948 9262 
2735 1672 
4923 8952 
3790 3190 
2013 6238 
3848 4816 
2187 4555 
7171 4372 
801 8910 
200 8749 
4375 6897 
8062 2223 
6986 6283 
5781 270 
1861 7558 
4540 7220 
7566 863 
4264 4403 
4269 5669 
1515 8265 
8124 1497 
5081 4778 
8022 6547 
6156 8106 
1587 5391 
6438 45 
2374 1275 
8526 6214 
6 7509 
2392 7497 
9535 6327 
7438 1094 
5785 5360 
4638 5090 
6750 2462 
8349 486 
5420 2168 
1268 3031 
6671 9299 
4552 8626 
6339 3828 
4270 1271 
5656 5634 
3710 4467 
4955 5219 
6521 8571 
8037 7999 
7883 860 
8057 2806 
1139 5041 
1020 4669 
4450 7343 
2748 6067 
8618 6574 
9087 2277 
4252 1935 
3036 6022 
4723 7698 
5882 3420 
2700 7492 
6433 6430 
8026 7358 
5901 6269 
6877 465 
2262 2509 
3386 1387 
5562 7894 
5109 5669 
5714 8107 
877 6453 
4238 8609 
8747 516 
6596 5016 
1491 6188 
412 6722 
2154 4930 
4629 4981 
9288 1567 
8332 4331 
6894 9432 
3635 1458 
3500 6691 
325 9204 
7836 6341 
9540 4678 
1497 5138 
5373 2559 
8228 969 
7394 1649 
3723 9056 
1373 5774 
522 4237 
4143 9307 
6924 8147 
2933 5388 
9493 4927 
3858 4442 
4327 1920 
5538 2925 
5930 4408 
3535 6957 
804 4538 
582 8360 
4127 1734 
5734 3162 
6394 6797 
964 3149 
1005 1613 
1988 6567 
6490 2845 
5886 9259 
1693 4124 
2161 102 
1602 6584 
1701 3405 
7786 8092 
3012 6376 
3758 1286 
9170 3624 
6739 2031 
5480 6034 
6126 3171 
1022 3620 
2533 3771 
7028 9026 
4478 3867 
6922 2929 
7115 6913 
1986 4815 
8105 798 
6927 1406 
2081 7799 
4909 63 
181 4146 
7249 1207 
485 9504 
7973 8939 
2228 2870 
3484 7867 
9035 1465 
7767 6143 
6352 7248 
2283 1747 
8418 1413 
4412 3785 
3733 2203 
5795 8440 
2973 549 
2267 1099 
6921 2350 
4858 352 
3472 6719 
4551 1966 
3235 6176 
7774 4909 
8954 7161 
612 763 
7582 5695 
6791 9337 
5691 6074 
3522 1537 
291 9096 
1699 187 
2221 3171 
8041 4707 
2629 5892 
6924 8750 
1288 8685 
5037 2586 
455 2603 
8486 4424 
9122 9004 
7780 7078 
9363 3453 
3517 6807 
4871 525 
4828 4029 
2752 1667 
426 5738 
1310 6567 
5763 6845 
4357 7304 
4734 4949 
2194 9465 
4196 9321 
2787 1734 
2992 7469 
4997 6960 
6152 197 
462 4447 
93 1407 
1112 7240 
1193 7314 
644 2604 
7036 160 
8393 7662 
1076 8581 
5874 1127 
4207 6705 
7413 8022 
2703 4350 
1107 7244 
4084 629 
6795 6843 
402 2984 
1024 8032 
6434 8638 
4118 8564 
3816 1069 
1465 8637 
6657 5282 
9571 4958 
4369 6643 
6939 8347 
7127 6350 
6264 2357 
2443 4726 
5073 4457 
289 8749 
3719 3086 
5217 1969 
4357 6506 
2458 1370 
2538 6264 
3690 2796 
9002 8783 
1953 4996 
3864 4635 
5098 1966 
8768 6039 
1555 8981 
1933 629 
4736 4409 
246 3709 
564 6861 
7382 513 
1696 9344 
643 3448 
1616 7810 
9581 5802 
7299 8915 
7347 2859 
1786 3318 
2026 819 
6229 315 
9313 6022 
5331 6358 
1989 6461 
8579 5123 
1256 7586 
8079 7754 
7776 4510 
1550 918 
6958 4679 
8352 366 
7395 9219 
2277 1325 
2196 9513 
5632 6315 
698 3765 
8523 2778 
4751 5391 
959 9312 
9106 7320 
7900 2065 
7266 2894 
4214 5025 
1825 6175 
2084 8019 
8891 1517 
8627 4546 
7851 5526 
2687 8285 
9508 4272 
3019 911 
684 7359 
4915 3186 
822 2409 
1765 6649 
3473 7063 
8372 3413 
2451 7255 
851 6164 
5940 873 
4271 1179 
3553 8627 
8136 1514 
1844 7771 
4990 747 
2905 8223 
9253 1605 
2408 6407 
4519 2833 
4426 9147 
7331 6712 
8803 6683 
5757 6494 
8727 1318 
8931 4113 
3225 3918 
8587 6545 
7358 6149 
4664 4783 
5417 6925 
4540 3510 
5446 3999 
7375 8080 
3535 6011 
7180 4513 
3090 6309 
5429 2545 
6649 9475 
710 7043 
4888 866 
2536 6706 
4551 3397 
5329 6504 
5948 278 
8705 1776 
371 7022 
1464 2680 
4 2748 
8504 3176 
7928 8951 
9180 692 
1187 1458 
1003 8200 
7484 1388 
3189 2792 
5777 1174 
282 2344 
9274 2536 
2718 5062 
3498 2362 
4588 1766 
1180 4251 
3296 9159 
5690 5734 
8124 8294 
1425 7965 
1861 823 
7439 5410 
9043 7933 
7148 2415 
8735 3131 
2895 6574 
1997 4566 
1765 2721 
6732 7858 
2697 9174 
8193 6270 
1414 6858 
5309 2329 
2601 1234 
6156 3736 
3792 4289 
8885 2851 
150 8117 
6387 8226 
4347 7134 
8134 3976 
2006 3123 
1726 7290 
4388 3630 
3496 3731 
6307 3485 
3841 303 
6740 2603 
6562 3785 
6340 8720 
4649 3727 
710 6410 
2389 5199 
5109 4651 
3529 8262 
630 3540 
1217 9458 
5410 6273 
3100 4668 
8710 773 
4764 407 
4281 7800 
4840 4527 
5017 386 
8934 1654 
1245 7210 
2683 8073 
5842 4027 
7343 9165 
2108 1519 
4422 6908 
818 4574 
1196 1257 
5997 4882 
7990 4588 
6354 7334 
2844 646 
3226 2046 
1217 5372 
1686 5853 
304 3491 
9036 1742 
8956 8108 
3010 8003 
6385 2714 
1440 4226 
4886 9400 
8471 2155 
4036 6033 
6565 8167 
2351 8625 
2915 6712 
343 5734 
6064 2621 
1882 6221 
4983 6431 
2354 2365 
9124 5475 
6013 1822 
7175 3297 
6551 5610 
6828 1718 
5772 4692 
5485 8299 
7923 2345 
8664 9073 
6015 2146 
6766 3253 
1072 7300 
2209 2798 
4623 7810 
3758 6865 
6113 6858 
8478 2699 
3898 8968 
6466 7882 
8459 222 
7235 2534 
6861 5016 
8021 3194 
3969 4470 
3751 4212 
4756 4775 
9035 6436 
3926 3847 
1091 4368 
8128 4084 
1016 6247 
3619 7641 
6356 1545 
8515 3648 
9042 8049 
4097 5452 
175 7049 
5976 4639 
6178 1410 
8302 5425 
2107 7047 
7909 5410 
1230 5474 
4434 5851 
9232 3736 
3745 3573 
6768 2724 
9215 565 
4675 3046 
8087 7134 
2466 2490 
3137 6112 
3027 2165 
4631 6520 
7962 2333 
5236 4627 
5207 9160 
4113 9272 
6404 3408 
6341 337 
8370 2059 
8371 8635 
7526 2353 
2965 6128 
6997 7885 
7883 819 
7501 2117 
4495 4457 
6007 5279 
6473 5177 
7888 7569 
1507 7150 
2987 4822 
5667 177 
2648 6750 
3858 107 
8402 1110 
4594 3255 
1645 2503 
7213 4053 
8272 1222 
5370 2469 
6588 1254 
1719 6949 
3708 4682 
1826 6905 
1521 4616 
2012 1023 
1225 6994 
8275 6027 
4725 1819 
9041 8228 
5637 5166 
2349 6927 
8915 2644 
1658 168 
6550 7166 
7836 5540 
5846 7240 
6318 49 
7785 175 
269 4552 
4782 238 
1554 7138 
336 9122 
7483 9019 
4047 4783 
2777 2348 
918 1976 
1823 6161 
2378 5489 
5463 411 
4995 8191 
9163 6545 
4739 174 
5653 2344 
8028 8617 
4866 6067 
1447 8065 
3408 9456 
8034 176 
372 4063 
7625 5750 
1666 5299 
1773 3091 
2377 3036 
7420 2092 
5462 4223 
3553 8755 
8299 582 
9519 406 
3421 4594 
4596 5335 
8981 6476 
9227 7872 
2372 8304 
522 8917 
213 1812 
8861 8528 
3351 8322 
4788 3270 
5448 918 
280 3143 
1335 4958 
8262 2801 
4605 2864 
1810 1147 
51 1288 
1422 1017 
6843 2958 
8251 1434 
3696 2014 
3789 4349 
3877 7484 
1779 8613 
8574 4084 
5464 6871 
8 8741 
1350 6415 
1360 6267 
9249 7703 
9008 5954 
9429 3735 
3145 1019 
3084 7482 
5131 372 
3621 5407 
3408 1615 
3041 5114 
9439 5035 
9399 4525 
3739 3324 
6791 4421 
4592 897 
7637 209 
6439 3439 
2483 4046 
8556 2380 
3594 7653 
7976 1639 
522 3700 
5013 7671 
5171 3782 
1732 9271 
4545 5090 
2436 5997 
3580 4767 
690 5887 
2560 8969 
2872 9344 
3667 804 
3902 1550 
8865 4035 
7724 8686 
5770 4873 
7206 1582 
6760 3634 
6734 1473 
4442 2281 
9005 8503 
2723 3961 
7802 4353 
8421 4650 
4392 7706 
6793 4532 
6596 7236 
2303 7669 
6810 4108 
1558 8693 
4799 5272 
5839 2331 
5512 5898 
8848 2144 
5450 8213 
6521 7777 
4231 4960 
6377 7767 
5848 1986 
1213 8217 
326 3620 
9557 1484 
4672 7896 
204 1715 
3151 4339 
6940 8725 
6735 2250 
7518 3199 
838 6 
1154 12 
4528 7416 
909 8203 
5373 4387 
3251 3748 
244 4686 
4285 1577 
3136 5908 
3585 5643 
7304 5305 
6918 7319 
6949 8696 
7698 7204 
6617 3366 
1735 6200 
4556 6741 
1137 3185 
1978 6453 
430 5117 
7759 9358 
2413 9161 
5737 3436 
7934 7773 
6412 683 
7819 5977 
2504 8203 
1568 3923 
386 4410 
3175 9056 
1098 830 
6559 1167 
8964 4660 
3623 145 
7128 3328 
7524 8164 
9443 5912 
2235 8208 
2212 1034 
4708 5828 
3202 9464 
8381 6081 
710 9486 
4776 477 
4881 7426 
5191 4388 
5434 7577 
251 7978 
60 1797 
1141 447 
2159 5576 
5002 6154 
7630 8172 
2477 7689 
6169 9295 
2129 5399 
8366 1507 
6016 1507 
1368 5978 
8743 6217 
458 5603 
3845 4176 
1717 6676 
2568 2914 
3735 8388 
194 932 
101 2479 
6029 7241 
4858 5371 
670 8654 
610 4534 
7261 159 
7431 6959 
4901 5526 
6313 1732 
9428 8406 
7453 4759 
1197 7781 
796 6029 
6219 6187 
9495 2282 
6510 5093 
7851 2495 
7669 219 
2604 4632 
3883 1529 
8230 1175 
4938 1105 
3716 881 
4254 3727 
8753 904 
803 1973 
6888 7241 
3813 7334 
9482 8019 
8150 244 
2932 9165 
1249 6457 
5550 4149 
3201 1250 
219 6871 
8210 6535 
4950 1090 
9080 1934 
9163 1667 
2595 9059 
2234 2733 
7930 8856 
3672 5063 
7079 7978 
3771 6160 
3210 9277 
4450 1608 
4943 2773 
2900 6362 
9245 3579 
662 2857 
9412 7617 
8141 1162 
2687 6544 
5358 9319 
3575 2999 
7331 7133 
2831 4414 
8472 2518 
5856 8823 
1125 3677 
6042 535 
5198 5551 
9043 5083 
557 1785 
6396 2385 
1583 8716 
7993 7610 
166 9046 
8183 5686 
4068 9476 
7927 7922 
38 6498 
2048 2688 
1971 8968 
6561 928 
6695 3702 
9388 6355 
5471 4244 
2640 273 
4640 6653 
7101 1567 
2386 1003 
2570 4486 
2716 8547 
3758 9518 
4706 3261 
527 3218 
2779 1995 
2680 3507 
7437 1910 
5698 199 
4816 13 
9026 4041 
4630 8926 
5767 3808 
742 3980 
369 5679 
4068 4664 
1597 5981 
1000 8062 
3926 5554 
3749 6462 
1664 9490 
6687 6875 
3606 7912 
7719 5403 
7043 519 
9239 8627 
8578 5716 
6936 1761 
708 1448 
8248 7583 
770 7199 
7766 7297 
2189 5395 
527 8625 
6663 3824 
4498 2899 
7576 7418 
5221 6956 
5865 2622 
5496 1494 
9315 5038 
337 71 
616 6068 
4381 3067 
2508 234 
3094 1358 
1415 912 
9518 4930 
1865 7912 
5486 7818 
5090 4873 
2866 8806 
9170 2414 
6427 4610 
2774 9108 
6511 3288 
169 423 
8760 8421 
5692 6818 
1813 3672 
7095 5290 
695 8306 
810 1855 
3786 2657 
5499 7137 
6846 6484 
7819 3899 
2880 698 
9288 7407 
1594 1463 
5023 3783 
3954 2628 
8720 1943 
6467 6262 
8217 9263 
3899 4425 
5367 204 
1713 114 
650 3955 
3436 5693 
8278 5924 
3196 2015 
8470 3963 
6692 9548 
3355 513 
5034 2973 
3213 6108 
2575 5323 
3472 1417 
4790 4645 
8818 6694 
6335 2657 
989 5163 
193 8328 
1937 211 
7346 4784 
7084 2456 
4412 7819 
5820 7683 
5408 5807 
6246 4895 
6731 1951 
1819 8753 
8818 2046 
6286 660 
2741 2031 
6571 4711 
7161 2415 
8999 1378 
200 8154 
1978 9543 
5537 6991 
3778 946 
1606 8743 
1426 9408 
364 542 
8654 7284 
3696 6138 
559 8023 
299 3592 
4187 2954 
2809 1258 
2448 1347 
9266 5161 
5765 2471 
4016 9111 
3765 7191 
5509 614 
3120 7546 
9177 4859 
9461 2512 
1144 3153 
5926 7392 
8525 6560 
9555 1612 
5742 384 
717 7349 
4348 6155 
8108 5039 
8292 1667 
2472 25 
2763 4903 
6298 3724 
6961 2531 
3721 4964 
7147 4093 
6925 6831 
6061 6898 
7392 4542 
651 8451 
8184 9517 
7195 3877 
2005 8510 
8723 483 
3830 1002 
9230 4062 
3187 2489 
3212 6426 
3923 5626 
183 4414 
4384 1339 
5363 2629 
1843 9581 
5513 3293 
5441 2392 
2141 96 
8061 9466 
8541 4561 
7139 8285 
3281 3954 
2273 6899 
9527 8802 
5365 4529 
3046 6382 
8350 5143 
1683 2721 
1465 4984 
3288 3360 
1680 1091 
8957 6856 
3898 6966 
4098 2770 
2605 7936 
146 401 
606 2412 
2243 1564 
9054 1493 
4059 2509 
8459 8267 
535 7262 
4439 4873 
4643 3479 
7088 161 
5600 2801 
5575 7604 
7956 9486 
9308 1966 
7738 250 
2014 8566 
5861 1705 
4776 1104 
3112 8668 
2996 5787 
4521 3860 
6560 9556 
8294 6747 
5712 8936 
6670 1245 
3836 1156 
4691 7580 
7876 4857 
9338 7142 
9571 8830 
4338 183 
2626 9106 
4269 7551 
4194 8767 
9402 7837 
6502 3503 
4662 4746 
1642 8702 
9140 1086 
1926 1429 
4977 487 
1802 7620 
9177 9162 
9140 476 
6219 2526 
1132 7877 
551 3208 
5733 4853 
27 8704 
9292 787 
6409 6109 
4376 6551 
3483 5575 
5659 6510 
33 4388 
5854 1754 
633 4873 
4538 1990 
2375 2868 
7769 5037 
6423 3537 
7819 5982 
2626 416 
8239 5576 
3313 3437 
3044 9112 
5679 5599 
3444 1962 
4718 8004 
3214 2248 
4410 2924 
3763 2330 
12 725 
2797 1682 
6378 9012 
36 6613 
946 9102 
1369 4998 
6657 4431 
3458 6505 
7400 5610 
4524 2577 
4445 1530 
5898 312 
4997 1997 
3602 5851 
844 1208 
7829 1434 
4205 6091 
4190 2164 
8763 5615 
9383 669 
9260 9159 
6197 7734 
2467 8498 
7217 1715 
2371 6749 
5162 2041 
6519 2375 
174 7023 
8606 8240 
8649 22 
4522 7967 
153 4004 
5484 7685 
2976 2775 
8599 120 
8349 90 
3778 3944 
977 4697 
589 5884 
9398 7786 
6764 5500 
1532 4264 
291 4051 
484 1980 
4944 1932 
1871 1687 
6703 1431 
6225 2891 
5374 5485 
4880 3687 
8620 6865 
5325 5846 
6662 6955 
6753 1058 
2484 891 
8592 1794 
9019 879 
4264 8417 
2193 9571 
6113 3427 
7830 5811 
7403 3536 
981 419 
9269 497 
2787 2295 
2877 8526 
1456 1659 
4413 7517 
5896 2742 
8263 7046 
2199 1719 
4183 4541 
4474 150 
7735 4848 
5992 8072 
5389 2456 
6143 8454 
8774 3048 
757 374 
4843 4223 
8443 4588 
7576 4916 
928 5937 
1889 5863 
7435 957 
3552 7906 
4878 6773 
7209 9475 
394 1641 
5168 642 
1395 9428 
8892 3166 
2845 2492 
2133 2244 
2517 3234 
8302 4808 
1584 1026 
9310 5930 
1614 8414 
6532 3079 
4183 1484 
5991 5754 
634 3117 
8812 4210 
2461 5116 
1174 8302 
6138 5629 
4224 2535 
8449 4749 
5134 8333 
4585 1151 
1890 4520 
1665 7343 
5435 6700 
7900 9316 
6348 2824 
286 3960 
5826 5640 
5277 6886 
458 6886 
4965 9345 
8696 817 
7484 3304 
631 457 
9181 836 
7469 6874 
8867 9567 
2122 6118 
6047 9137 
4876 2101 
3718 2292 
454 3312 
6549 4156 
4414 4644 
2463 4929 
3711 7174 
4820 935 
1954 8396 
6580 4592 
2481 4757 
7085 2479 
3448 7825 
9330 1459 
3709 6128 
6488 1336 
519 823 
6751 4805 
4679 7025 
1745 510 
583 4050 
7828 1032 
6068 5459 
7915 3452 
6025 1739 
7231 247 
2228 8758 
7513 1038 
8916 1955 
8514 871 
505 3419 
6782 5944 
5616 8713 
2474 7354 
3665 8328 
6006 8323 
5238 5122 
8741 5252 
3000 4863 
5429 8309 
1321 6338 
1568 2735 
8115 8949 
5384 8151 
9296 2953 
8456 5173 
9037 4483 
7042 6527 
5785 8906 
3196 1400 
6464 88 
3003 1334 
426 7838 
5789 4536 
5728 2482 
2408 5355 
5345 1548 
2368 1272 
7586 8737 
6339 2188 
5735 1985 
2928 2975 
8047 6301 
4766 9454 
8960 8042 
5811 2719 
1719 2220 
1353 3189 
9400 6534 
6765 2245 
2040 1632 
1566 3476 
8031 5074 
6629 2387 
4354 1720 
4433 7155 
4437 4398 
1228 7798 
7685 8063 
2702 2744 
2228 1964 
2859 5972 
8409 7117 
2066 5343 
2655 640 
4269 7299 
6552 3699 
1752 1267 
9379 602 
7584 2806 
7186 985 
2423 9092 
4985 6283 
3374 8896 
4834 4203 
5426 8956 
993 8452 
3115 2106 
945 9491 
1104 1544 
8044 7527 
6473 7804 
8496 7228 
8567 6620 
4840 6427 
8049 6942 
5277 8973 
271 6483 
1968 3578 
3439 7951 
3350 3714 
1751 1240 
1958 8522 
6671 5390 
942 334 
5369 1390 
4203 7087 
201 688 
4066 1178 
2259 1837 
5612 2029 
226 3563 
1680 1988 
7205 1507 
1304 5682 
6427 96 
389 2677 
7072 4025 
9178 633 
6011 6000 
5728 8368 
7185 1499 
6710 7625 
4221 770 
2742 3172 
1695 7309 
5499 780 
6170 8508 
4975 8331 
6019 3306 
3924 4081 
3973 165 
7127 1127 
1953 8496 
8974 6807 
328 6073 
8370 972 
7756 3034 
2079 6216 
1355 4840 
6915 5860 
1434 4911 
2771 6763 
7155 1885 
6862 236 
1443 1676 
7633 9240 
96 8317 
8849 6064 
7168 9175 
6225 3322 
5738 806 
3186 5023 
8559 9298 
1809 7176 
4868 8403 
8064 1601 
2715 7410 
4058 8707 
9479 9207 
1416 8150 
5728 3188 
8026 3054 
237 3468 
4962 9300 
5470 2240 
798 6985 
9333 4256 
7490 8731 
6913 900 
1290 69 
4443 7489 
3724 7889 
4141 8999 
5711 6559 
3351 3896 
3352 3722 
1522 6851 
5430 3149 
1806 1526 
7551 3101 
2635 1507 
2847 8049 
7711 4611 
6355 1270 
6395 7701 
486 2969 
2541 2080 
1193 2409 
6756 7073 
1127 2131 
6010 1012 
3412 9000 
7616 3431 
8152 8939 
1363 2253 
1846 8688 
1447 9075 
4707 6297 
4593 4029 
5259 3648 
1066 9322 
6236 5017 
5088 2905 
1835 5317 
8791 5055 
8456 8504 
6147 9089 
2738 716 
4992 4011 
5614 1321 
2499 3380 
1790 5119 
3771 9064 
5707 9082 
6552 3851 
7700 9088 
8567 2004 
7354 5773 
8863 3091 
8626 9271 
703 6648 
248 6063 
8923 3576 
2107 3556 
7236 1070 
9053 492 
255 5718 
2570 7986 
2308 5003 
1768 8446 
579 992 
2111 697 
7962 7417 
4565 7218 
7146 6391 
5973 8402 
7591 5489 
4798 8807 
1136 7919 
1884 4666 
2863 314 
3242 7406 
9499 7312 
3497 8377 
4378 3612 
8549 5716 
2518 8505 
8657 4167 
3029 8817 
5533 2974 
8586 8620 
6081 9550 
8567 7968 
7581 2704 
1653 6994 
2033 4833 
2134 5132 
6756 966 
4606 8580 
4884 4347 
9507 1559 
1932 7764 
2427 4846 
1156 3143 
5316 9300 
5027 6526 
76 7254 
9062 1266 
5553 8332 
7064 418 
2010 2805 
7025 1852 
3851 6845 
6774 9534 
6964 2382 
1467 5306 
3113 1130 
1370 267 
4057 3640 
2414 8788 
6793 5743 
7821 5838 
2341 649 
7385 1802 
5065 962 
5845 6515 
5287 936 
4312 4680 
6458 4683 
8134 1412 
781 4599 
1696 5765 
4501 987 
8199 433 
2448 7584 
6230 5125 
7471 4145 
7608 4997 
9295 8655 
2563 5206 
4730 5009 
3978 8026 
5634 7771 
6561 3486 
7577 201 
3350 1374 
4300 8689 
4953 4155 
3299 4357 
1243 2574 
2285 2949 
6465 1163 
5631 5796 
8755 6023 
2586 3415 
848 8837 
944 7992 
3255 8242 
5004 8408 
331 9423 
9026 3552 
6581 4086 
8035 9201 
7175 2218 
9129 3445 
2025 7118 
4933 8138 
1596 3850 
8294 8141 
6332 7447 
2155 4550 
8881 767 
5659 8917 
2244 9284 
9130 2528 
732 1769 
8215 7929 
4033 3159 
1093 4620 
2756 6845 
6259 9452 
6843 6959 
3408 2290 
7523 7810 
675 2241 
6022 5927 
819 6674 
7919 1426 
5132 7744 
8183 3535 
4596 9271 
7160 2969 
2194 7339 
2382 3824 
6997 4079 
4807 8650 
3856 1238 
5815 7171 
4721 1663 
7117 1515 
4555 14 
5499 6011 
1244 278 
5089 4686 
8607 6447 
8564 8281 
211 2050 
5043 6277 
3261 4178 
8843 3978 
594 1630 
7152 8351 
7715 9288 
8016 432 
3870 3549 
810 2097 
2658 8672 
1496 1210 
3992 9034 
8855 2327 
1581 6367 
716 739 
7898 2504 
3990 4176 
3162 7769 
2489 3062 
6051 4654 
2624 180 
7758 290 
8245 2807 
1226 40 
7595 5046 
2359 5544 
9038 1908 
3773 2761 
5705 1022 
4434 366 
127 523 
88 1547 
9139 3517 
4530 1854 
243 2211 
4845 917 
1134 4505 
6876 1208 
220 7108 
4684 7095 
4547 7647 
1086 1108 
6783 121 
3528 560 
8409 7437 
356 228 
1442 8223 
1053 531 
4000 1936 
1345 8969 
5577 8448 
2866 398 
5236 1264 
177 2345 
1948 2078 
7648 6188 
8021 6031 
4055 4103 
7068 1177 
182 3928 
3670 2950 
6165 308 
8467 4582 
7428 2763 
6593 4495 
9440 9228 
390 6596 
6730 2138 
5596 6365 
2498 957 
6969 8081 
8971 9193 
8815 9050 
4098 3716 
2584 6930 
3778 5573 
1256 7416 
7220 410 
3090 5104 
2478 5382 
4298 8008 
1426 7012 
967 298 
2909 2280 
4807 4756 
1857 7089 
1538 4143 
5978 9393 
3449 5006 
5214 1409 
5747 3390 
3974 8426 
6192 9292 
641 8922 
963 4044 
7120 2116 
9528 2356 
3741 183 
3265 8634 
6534 739 
7622 2879 
1678 3872 
727 5676 
3681 1526 
3044 4100 
4444 5663 
3986 7652 
9093 7102 
7943 7409 
1667 5901 
8324 6336 
4219 5498 
5316 9242 
8812 4186 
4344 7171 
8501 4562 
5407 7507 
315 5220 
3799 5878 
2413 755 
7661 219 
5769 2199 
8893 100 
2496 3998 
1749 8215 
2526 7922 
4660 873 
2627 6791 
2986 7809 
1492 8199 
158 9076 
8542 8446 
3406 6866 
2947 3383 
7072 346 
4103 6311 
1441 42 
2684 4101 
1499 8962 
448 5974 
2861 870 
9252 3930 
3383 2361 
366 539 
5836 9234 
1817 8043 
8114 2919 
3951 5304 
3014 7475 
6849 4265 
6827 7569 
2425 8108 
3075 7050 
1746 8849 
3586 869 
9552 8056 
2050 2141 
4468 4560 
8922 9413 
1520 7379 
4611 2462 
6361 8769 
3517 7463 
2178 8665 
4827 8763 
3720 3712 
2200 3684 
8646 7502 
6554 114 
6034 3766 
7891 127 
4420 2953 
1341 6159 
2265 5843 
4602 3526 
8348 4240 
384 7651 
379 4840 
9386 9204 
140 2293 
3315 182 
9437 5229 
6096 7396 
224 9463 
806 493 
2518 6972 
1462 1070 
4519 5142 
6098 7561 
8087 6983 
8782 8878 
8864 937 
9198 7745 
5106 5665 
4416 5049 
8145 9284 
6467 9150 
1724 5581 
5080 29 
1915 8836 
3376 736 
4480 3286 
1368 2120 
4217 3969 
2039 7654 
505 1400 
7472 3868 
3630 3475 
4169 5824 
8604 1000 
5871 6710 
2926 5861 
5499 8496 
1076 4919 
8208 7004 
5631 293 
1502 8404 
3335 6333 
2647 4311 
9499 9455 
8485 3670 
4227 3017 
1464 6236 
7655 821 
4301 6858 
3007 4513 
2327 9034 
6560 5461 
7367 8940 
8036 108 
266 1064 
9199 5509 
2990 5117 
6769 1636 
1218 7125 
3345 4501 
8595 3447 
5787 2177 
3789 8731 
4214 4450 
7988 5805 
4436 3345 
5579 7534 
1412 4909 
1865 2984 
4806 5935 
3840 6987 
8541 1845 
8492 5937 
2963 6107 
2110 7990 
7501 4762 
974 9099 
4763 5430 
4289 1887 
7541 2421 
4826 415 
4398 1882 
1558 2588 
3239 5566 
6264 2383 
5581 7351 
4258 5187 
6104 1187 
1652 7872 
42 8969 
4780 5883 
9139 6130 
8548 8553 
5840 3353 
7077 2778 
6917 8785 
3 6034 
2220 2759 
3942 8489 
8405 1449 
4034 5753 
9033 8424 
3092 417 
3183 1072 
5023 666 
5306 5454 
5505 7800 
517 6059 
2837 848 
8153 2900 
6217 4005 
8120 7918 
7608 9023 
768 6217 
9403 1063 
9381 6118 
3566 4916 
7818 914 
6381 6416 
36 5136 
1810 7622 
646 6077 
4669 6849 
2351 7902 
4221 3519 
9300 2163 
5146 810 
6153 399 
8027 2831 
5202 8010 
1544 7740 
9089 1399 
5645 7578 
7320 9395 
9383 5212 
8270 4114 
2859 1714 
8168 9340 
5480 2963 
2612 7895 
8000 8667 
1963 5002 
415 8084 
2835 43 
2423 7269 
5628 3421 
1899 5082 
5735 6806 
3967 5663 
118 1412 
7411 7305 
5671 3389 
7800 7720 
8843 8977 
7448 7191 
2548 6337 
5596 6798 
4837 3964 
5401 610 
7687 952 
3600 5677 
5039 6938 
5720 3213 
8488 8522 
4260 5771 
8926 8 
5065 5259 
2730 1497 
2841 4361 
3460 8327 
5549 2615 
2046 3579 
3587 69 
965 6860 
9188 5285 
1333 7757 
8316 4288 
4767 4545 
3965 1617 
5470 7505 
3494 5250 
8380 2778 
7017 5594 
4418 3051 
1173 7945 
3331 2599 
8952 1858 
1890 736 
5793 6464 
7373 3900 
9222 1905 
8296 7414 
4905 1367 
1046 9333 
4344 1897 
3020 5294 
546 1979 
4855 5145 
9064 7834 
6924 5782 
7633 1064 
8936 2007 
4105 4897 
4702 3066 
5642 7590 
1643 8361 
9339 7497 
365 4744 
2018 1812 
565 6481 
9102 2705 
1102 9410 
8811 4648 
5949 7468 
5673 5863 
8159 2612 
747 2175 
7797 5996 
4206 3660 
6556 8782 
7691 6593 
9191 1165 
6859 3485 
6877 6093 
1263 9449 
8845 8113 
4118 7854 
6007 2614 
6910 7114 
533 6382 
9418 9237 
2583 4679 
1982 6838 
7495 4857 
9116 3461 
6906 1648 
9296 4007 
6007 5449 
7332 1174 
4745 6975 
2338 2686 
5647 9322 
3005 1360 
7317 4324 
1467 6981 
5791 5867 
6610 722 
805 2125 
1929 5267 
9574 1607 
2874 784 
359 5184 
5645 2347 
6541 7872 
5399 4767 
2383 6747 
4805 8685 
588 7914 
1814 802 
1482 8299 
5194 6186 
7523 6559 
3690 3966 
1043 4327 
2892 1828 
6087 7234 
5157 4767 
3574 6651 
5597 7707 
4052 7850 
9041 4815 
2398 4363 
1606 2819 
332 8507 
6807 6347 
3306 3624 
8854 8121 
175 2692 
2932 2546 
2746 4259 
7569 2489 
1760 7531 
1137 1470 
4649 4998 
8914 4840 
7177 1720 
1683 2258 
12 1522 
9368 9210 
1059 275 
3544 647 
3296 3599 
7252 363 
2054 8053 
6805 5974 
2124 5998 
710 4184 
5202 7193 
1456 8614 
5081 919 
3683 5663 
6623 3572 
2265 9252 
807 8908 
7335 4681 
634 1720 
7101 3374 
1118 3043 
864 5698 
1778 6372 
5344 9417 
1381 4525 
8090 7130 
6374 6797 
2103 456 
7467 1666 
3276 5612 
5149 50 
898 742 
8603 2386 
4894 9285 
2676 4249 
2104 481 
1201 5401 
104 4578 
6327 3842 
2653 3735 
8404 1108 
4163 9176 
546 5170 
2429 533 
857 6023 
5701 1197 
4638 68 
4863 8683 
784 4602 
1792 5233 
5354 8396 
7665 6465 
1427 420 
8908 3360 
6077 7232 
1311 7233 
5333 6690 
5512 6415 
1827 2082 
1078 5393 
4720 4129 
2003 473 
6018 8850 
6481 7978 
777 8122 
4193 2477 
1654 8659 
1171 635 
5904 4080 
8695 388 
2433 710 
4038 5731 
7126 7185 
4376 7501 
1010 6191 
6773 2315 
5032 6293 
5965 7071 
543 4012 
7570 4741 
5680 8774 
551 5435 
1076 7696 
2279 7880 
9326 7914 
2571 3499 
2539 3246 
8203 802 
7766 4692 
8522 3392 
2164 49 
5886 7606 
5769 2594 
5038 9047 
6360 3356 
7454 1955 
64 8875 
7249 4785 
3543 2955 
2299 4604 
572 5036 
1899 1650 
1638 2115 
3833 8067 
2948 825 
8166 9373 
5390 7834 
3093 426 
5183 7817 
9358 1538 
8712 2973 
2851 4276 
1794 7943 
3261 5671 
3086 564 
7278 9321 
3689 8303 
2319 3364 
9085 8134 
6752 1192 
665 5388 
4959 4632 
6034 2985 
1597 3710 
5110 4750 
4978 4324 
998 1400 
3230 3169 
4666 6483 
1290 4649 
7625 3715 
5962 1535 
8375 2462 
9286 1975 
445 4534 
821 232 
3776 6618 
982 3445 
8758 5477 
88 8224 
212 8066 
3794 3000 
8414 7151 
7803 6509 
9482 2234 
6452 974 
1564 6542 
6361 2359 
1782 3586 
6245 6068 
2874 1873 
8021 4710 
1138 8109 
5795 459 
343 1183 
7863 6762 
924 1588 
6086 1163 
411 6646 
1915 257 
15 9382 
2185 6105 
4101 643 
9146 6651 
1253 7060 
8200 5542 
7125 1396 
1637 4369 
3069 4050 
3559 8338 
5062 8307 
3943 7119 
5861 7986 
6620 5113 
1180 6573 
4502 0 
7287 251 
5046 7068 
1013 6123 
5538 5159 
1896 4360 
1307 2100 
6253 7592 
6876 2744 
7546 5311 
3678 5102 
4345 1758 
8689 1866 
8627 1205 
8390 1537 
1497 3007 
1967 7258 
314 8473 
1868 2937 
274 4958 
7196 1009 
2925 285 
5194 7716 
8559 8874 
4417 1961 
9568 3751 
2936 1213 
9309 2537 
2465 5947 
3982 7257 
637 5610 
6466 8412 
8988 6212 
2525 2459 
3332 4559 
659 6024 
2260 1079 
2687 1365 
2333 2901 
6644 866 
1144 8265 
8711 1249 
9019 3615 
4194 2033 
580 626 
4202 6900 
3958 5167 
1692 2238 
1589 8521 
4104 3077 
2106 7036 
2014 5305 
5197 2778 
1100 828 
5351 2225 
3317 5940 
8114 1312 
553 8582 
119 52 
3123 7736 
2660 7145 
8125 6742 
6716 4683 
1696 554 
3144 1948 
4799 6230 
4541 6601 
4861 9334 
1497 2749 
1671 4122 
8269 8405 
9175 5110 
3482 176 
2503 3089 
227 7780 
3524 6958 
4981 8171 
4922 9330 
3141 9482 
7108 1600 
4969 104 
6623 4357 
5372 2822 
5340 5944 
7599 2984 
6283 2127 
4939 8397 
7807 1371 
1435 6979 
8405 8379 
1088 586 
6373 8629 
2103 8322 
1724 1815 
1770 3917 
3624 1564 
5016 8540 
4877 1219 
5765 4414 
5798 3403 
9580 8690 
8987 4115 
8690 527 
4003 491 
3815 6447 
3617 651 
8281 1743 
8145 1163 
8634 4142 
3083 7662 
3438 1728 
4041 2555 
3851 7169 
2837 962 
8519 5405 
6642 7130 
9060 200 
1707 914 
3620 2014 
8592 4483 
7986 3469 
1090 9553 
3079 1008 
7908 3471 
3605 6135 
2913 9066 
5754 5395 
1408 1218 
8577 9071 
1355 2671 
7825 4070 
9208 8196 
7770 9248 
6943 3116 
5286 2057 
3253 263 
6628 6737 
6613 427 
3086 543 
4037 2229 
9407 4419 
4977 4332 
7244 7283 
4221 1544 
6204 4809 
190 1690 
5780 4241 
8927 1021 
5281 5213 
1556 5221 
6384 9011 
3751 7979 
6218 4043 
101 5327 
8479 6026 
411 1598 
8398 6944 
2254 4223 
3481 4387 
1071 4890 
2143 380 
180 326 
3750 7791 
638 7786 
5050 1807 
3371 5031 
6547 700 
4802 8875 
7956 6758 
3926 3333 
1289 8919 
3916 5074 
4116 4868 
8271 8042 
8386 6125 
8386 3248 
5161 9442 
3957 2124 
87 1784 
3334 3418 
9323 1816 
5637 2040 
1651 1872 
3492 4642 
1982 704 
7798 3777 
2405 6021 
8921 6303 
7933 1687 
4898 1543 
7453 519 
6377 4927 
788 1952 
9014 6986 
3346 5288 
4944 5467 
1434 3109 
890 5021 
9137 1310 
2137 2174 
8055 3126 
4465 5455 
8688 7144 
3647 3511 
9391 9004 
5784 8978 
8264 6809 
2299 1653 
1590 489 
3610 4336 
7927 5476 
121 8394 
6292 5949 
6572 6112 
6357 8400 
2209 8420 
7882 6905 
6736 2357 
469 5079 
5934 1381 
4680 61 
685 7559 
9443 7469 
4705 5482 
1155 5348 
1946 1145 
6721 5504 
3785 3994 
6861 1412 
4909 4584 
615 592 
2542 8330 
1694 4829 
6714 6700 
2045 5080 
5652 1941 
7814 6359 
3086 4169 
7297 4899 
7480 4072 
3279 6948 
3614 1044 
1934 2599 
8734 1430 
1012 8012 
7233 519 
3640 7967 
5826 6674 
398 2879 
6077 5263 
8511 2151 
6886 2157 
1139 4641 
4056 1271 
4603 1252 
4210 8358 
4916 2442 
4075 6052 
5335 2556 
8058 3926 
8498 3068 
1943 219 
5685 1232 
4053 1303 
4113 8674 
6922 113 
7959 912 
1518 9084 
4162 5708 
9162 2317 
854 3322 
7311 3676 
8120 5379 
1080 4290 
4183 6791 
6422 3549 
4748 4970 
4468 7139 
6180 4487 
4480 6580 
2424 7864 
6301 5304 
7887 7513 
3001 8833 
1737 698 
1056 5656 
73 1967 
1406 3261 
5849 6509 
6928 2723 
7362 4081 
4362 9094 
2638 1410 
4745 7736 
9435 8957 
7900 6090 
5018 8914 
7847 9409 
5691 4725 
2667 2576 
9030 4145 
3222 9011 
6033 5396 
5841 5483 
892 2981 
2306 606 
9151 7729 
3277 4980 
7651 7359 
4827 805 
4649 6149 
9277 2737 
2613 5037 
5341 6498 
4360 6598 
4378 601 
1118 3750 
5373 3115 
6704 4990 
2143 245 
2338 6289 
9456 1427 
5324 8340 
2880 6932 
1053 2461 
1303 1893 
3019 7975 
5317 8468 
317 8621 
6040 5248 
4874 8313 
7011 4582 
1359 1272 
7699 8351 
2925 4682 
9538 3116 
4230 4413 
1428 7884 
6062 8695 
9003 2345 
2464 1935 
7692 9366 
5010 557 
7105 3417 
55 5466 
3401 9477 
8549 2060 
3313 682 
8348 7355 
7567 5645 
2377 8089 
8748 121 
9462 6826 
4696 7588 
8389 517 
8139 6645 
5881 7613 
8052 2282 
2243 2539 
2489 5056 
3833 9283 
1657 4063 
6772 6065 
2975 8891 
304 1196 
8712 1988 
6313 5913 
289 2324 
3542 7373 
5843 2665 
5825 4444 
8814 630 
4779 8294 
8863 6360 
5843 4108 
8401 460 
2705 3851 
6117 6339 
1625 94 
9196 7698 
6380 736 
714 1450 
6287 5518 
3412 3657 
4028 3918 
1108 28 
4150 3106 
2474 4058 
8200 3023 
5151 5092 
9516 8755 
534 776 
5634 1213 
6936 1916 
1018 6310 
1683 8569 
783 190 
4103 237 
4900 4762 
8965 4777 
2481 1880 
5007 2512 
4680 5613 
1691 2438 
1629 6645 
7888 3047 
6800 3943 
3466 58 
7402 1254 
9519 1471 
8306 9306 
8497 2231 
2661 1613 
2345 4084 
8567 3908 
4888 5610 
7649 6593 
5694 2214 
7228 6038 
8450 6989 
2319 3703 
5697 285 
2141 2635 
4899 7998 
9400 7433 
2757 7207 
8738 5265 
5250 9263 
4810 8953 
8767 6146 
6658 7668 
4141 8861 
2258 8654 
4712 3917 
6659 349 
2611 8800 
9100 1561 
7099 4171 
3324 961 
3247 8181 
9028 3884 
5686 8698 
8110 38 
417 9030 
2009 2230 
1114 5584 
1287 5530 
3057 4563 
133 1696 
7500 1622 
1731 9534 
4601 8687 
195 6987 
6843 4236 
4321 1671 
2923 1387 
1033 6799 
8409 627 
2579 1459 
8089 9422 
2339 4736 
3324 7634 
3641 3889 
5436 6443 
5018 2854 
470 3878 
1165 5535 
2684 814 
4749 788 
2627 3581 
8560 4917 
1133 1509 
6174 5149 
8742 1439 
9196 4570 
296 754 
5755 8789 
6585 5964 
532 2561 
588 3640 
2643 2544 
8936 1312 
2223 1180 
180 8562 
7794 3880 
7459 1690 
8730 9438 
3097 3324 
9117 4836 
3882 486 
7753 8686 
4670 2001 
2037 5031 
421 6957 
5183 9124 
6900 2552 
1143 1100 
1801 5889 
5971 2886 
4005 6129 
7693 2338 
1220 4869 
2781 3693 
8885 8593 
6182 5770 
4098 1357 
5562 7485 
662 5686 
7775 4923 
8438 8954 
1756 5347 
7998 6577 
5670 4726 
7692 2645 
1453 4301 
5418 1259 
7600 6061 
6984 5079 
3227 8828 
1792 7070 
5409 6803 
6742 7565 
8719 5438 
9500 5083 
9570 1716 
5365 6398 
8111 1890 
2118 2622 
9071 3869 
3788 9206 
5090 1781 
7356 1996 
5205 5264 
2911 8217 
4732 5719 
4457 4403 
4442 7908 
2246 3768 
3522 2767 
985 6632 
2534 9550 
6477 3733 
1867 8252 
7563 6968 
8106 3960 
5647 8050 
5311 8763 
5021 4365 
3289 786 
7850 6021 
5109 7935 
3831 856 
6710 6747 
3046 3345 
8087 4485 
4981 274 
1683 4054 
8360 919 
2371 6406 
80 804 
2803 4523 
3619 3892 
315 1760 
3850 8930 
1956 8116 
4082 4067 
9096 397 
885 4700 
1781 3314 
658 4361 
6571 6165 
4250 1836 
5048 7925 
1226 6703 
6785 3039 
7056 361 
4096 5062 
7936 3379 
8671 1469 
3152 9162 
4594 8391 
3388 8415 
7295 4722 
5087 9526 
8408 5132 
7807 8199 
1179 330 
703 5729 
3772 2614 
8370 540 
7354 6327 
8720 6594 
1392 8700 
4856 904 
2669 8891 
2211 4052 
420 984 
4447 7015 
7613 200 
6187 605 
6687 1842 
6632 1521 
5138 5848 
4430 9478 
9174 7391 
966 6627 
4100 8674 
6046 3534 
5261 4438 
5597 5426 
4651 8150 
5768 4713 
4083 8408 
3432 5547 
464 1395 
7019 5993 
6754 2311 
6734 9564 
77 9368 
4584 2696 
1269 4071 
1762 2429 
5761 1505 
2852 1372 
7310 574 
8325 5401 
8661 3819 
5616 299 
3860 2191 
7381 5407 
3245 2441 
7985 6636 
920 4055 
1330 5702 
4457 3812 
5770 7518 
7793 7050 
3414 4502 
5293 6060 
4870 6184 
3681 1403 
8483 4248 
7301 4376 
9498 6302 
8255 995 
2263 5913 
6560 245 
2617 8356 
8987 3236 
6500 5308 
4943 1367 
537 3009 
9318 5428 
5318 4195 
4592 6565 
6302 4834 
2350 8977 
5343 2675 
2373 1037 
1075 7615 
7950 2693 
1164 6525 
5486 5690 
2635 5224 
8207 3040 
8009 4783 
1802 2558 
145 5650 
1516 9252 
767 2948 
9330 3935 
4949 599 
3027 7551 
5907 7354 
4202 916 
4636 5115 
5812 4801 
260 5923 
5423 5072 
2400 4933 
4121 5117 
6004 2386 
2492 327 
5041 5189 
7419 9558 
5868 7469 
8678 7468 
6913 9520 
3410 2987 
8264 1117 
8949 5436 
3144 6376 
3690 4092 
2277 532 
5480 9067 
4219 4051 
6029 1339 
7183 445 
6468 1662 
945 6872 
3468 2493 
3925 8478 
4571 8219 
9375 8027 
3684 3927 
9070 2166 
4773 6494 
357 8646 
2057 5291 
8872 9165 
3919 233 
8505 1918 
7084 935 
3990 9308 
8559 1629 
6621 6950 
1270 1680 
7042 8299 
8637 200 
7062 2711 
3250 8460 
4148 137 
5015 5853 
4982 6660 
7872 3720 
8284 8362 
5793 7177 
2042 5546 
7454 6332 
2675 7507 
1315 8849 
5891 6178 
8484 1055 
1755 6303 
4813 1251 
7472 4917 
5944 1569 
6068 1207 
2677 7370 
731 7273 
7718 7660 
4286 1361 
4616 4974 
9136 8921 
7766 343 
187 8961 
9247 5424 
6295 5412 
3728 5747 
3813 4722 
8548 9288 
3992 6703 
7031 6001 
282 8389 
422 250 
4156 2067 
1396 1187 
5823 7567 
1745 9054 
1437 4751 
9398 3511 
5571 3106 
818 3772 
2842 3235 
2965 2477 
5790 2028 
698 7991 
2607 1786 
4210 8045 
2916 8919 
1142 259 
9181 4859 
6602 1029 
929 6955 
1938 3450 
2727 9110 
4848 2861 
9236 3042 
1718 3466 
305 2798 
6445 6539 
2649 7560 
1336 6949 
4291 5637 
4102 8339 
3641 9576 
7453 8078 
2167 1509 
3712 1561 
3234 7463 
2299 2827 
4225 3195 
7247 4834 
7001 1264 
4546 6869 
7420 3478 
2048 7882 
4585 8890 
1540 4874 
3933 8649 
5714 6623 
3102 1026 
175 8940 
7145 9110 
8722 3781 
5343 2461 
4646 9421 
2612 8957 
7312 395 
7984 2832 
6776 2614 
4604 8292 
2685 137 
7915 6282 
3381 4964 
5459 9120 
8935 6370 
1055 6394 
4451 7771 
994 1519 
3429 4004 
3795 5108 
6822 4147 
4663 8106 
7536 6913 
482 8166 
626 8765 
3493 531 
6353 9125 
5512 615 
8845 4407 
6377 4921 
6108 7527 
9392 6330 
9240 6436 
6554 4081 
4937 5892 
2166 590 
5030 4213 
8217 3098 
8117 193 
3882 7247 
940 567 
6926 4877 
3522 6117 
4395 4240 
6364 3720 
8232 5438 
2512 1126 
264 2838 
7779 7918 
8642 4106 
7636 7130 
125 1896 
6696 8504 
8869 8733 
9355 3849 
720 5348 
4111 478 
9218 4541 
8082 3979 
1510 8524 
4965 958 
8432 2735 
1842 4597 
4568 1334 
2941 2141 
4964 8202 
8326 8206 
2625 1383 
3922 4737 
6605 6655 
8795 7565 
2679 1264 
7916 9374 
6390 810 
8928 7971 
1979 3267 
3523 361 
8762 944 
6615 7793 
8347 9276 
8142 3646 
5787 8002 
4106 631 
4982 5162 
6965 4086 
7385 6574 
1289 3600 
5051 4412 
8420 1975 
8373 6887 
7466 1783 
280 8812 
6967 9557 
6053 503 
8738 4205 
8788 7599 
4712 4395 
2119 3287 
6339 8926 
5499 324 
6729 5350 
8687 4670 
5307 240 
5301 807 
1776 8966 
2219 7356 
2782 3180 
3391 5258 
1832 2012 
7900 266 
6026 5806 
6759 4951 
3457 6900 
4534 3800 
1319 1177 
6056 7735 
9501 356 
3745 8953 
4838 5136 
6933 3000 
2646 5810 
5766 7854 
6033 4792 
2316 925 
6415 7707 
8908 3053 
741 1296 
1527 5144 
7327 360 
6223 1025 
3042 8432 
2067 3705 
9299 1042 
7970 7494 
6710 50 
1612 9247 
1245 8471 
6637 8276 
2945 6185 
2924 2951 
5083 6388 
8762 577 
1067 7785 
4472 6967 
2284 5863 
641 6503 
5059 3204 
4934 4094 
8603 7364 
8320 5476 
4969 9028 
3073 176 
5625 6239 
3660 4374 
9134 526 
7544 3960 
1840 5369 
7132 3553 
6408 2107 
6754 1512 
4607 8636 
2430 5033 
5383 9076 
8123 7578 
6955 4760 
5400 363 
5752 4356 
2862 8993 
5089 9111 
6959 5856 
1463 6094 
7906 3347 
9344 5256 
6385 1192 
6099 7108 
881 8606 
9368 8435 
3039 4255 
4269 5504 
2248 313 
5974 6520 
2003 1306 
9429 423 
899 9074 
6603 7226 
3455 940 
8552 9500 
7573 9112 
9200 4978 
4892 4450 
1706 4110 
3078 9045 
8299 9092 
2687 4541 
3691 1142 
2510 4400 
5647 3286 
3945 1694 
2616 3768 
5984 2022 
2917 2701 
5666 8267 
3915 6328 
4791 8563 
507 6808 
2386 2202 
9265 7821 
8030 6337 
7043 503 
5606 7765 
3717 1454 
3305 519 
8745 2852 
4687 3081 
7654 7550 
5540 4528 
3838 3658 
5460 4573 
9366 7740 
7506 2248 
9157 1728 
1951 4310 
5100 5310 
4611 7946 
6804 2079 
4143 7983 
9254 8261 
9311 5238 
2944 4844 
996 8074 
5304 7740 
400 6057 
2101 2261 
8895 1714 
6366 3266 
3317 5711 
8551 632 
1870 3948 
3703 9395 
4379 9073 
948 1968 
6639 2741 
3713 4740 
8441 5800 
9096 3038 
9281 1583 
4842 4579 
7034 8488 
4730 21 
2946 7157 
9449 8974 
3896 1401 
7821 394 
4077 2122 
8860 5440 
184 7846 
5432 5264 
9215 7078 
1468 8136 
3308 6110 
183 5715 
5037 669 
2465 3592 
8191 8136 
3746 1090 
4290 1211 
8761 6551 
624 6624 
6867 7277 
3329 5366 
3809 2207 
8540 8886 
8282 8503 
3088 9293 
7953 8102 
8190 2143 
3261 6722 
5166 2603 
4008 7218 
5872 1552 
7102 5223 
1626 5526 
8101 668 
1824 8409 
8338 6152 
5047 8266 
1290 1755 
6991 6909 
8941 6218 
3155 7947 
548 7053 
8122 8836 
8309 4907 
1081 9263 
4374 2515 
5154 1935 
2354 505 
5960 9006 
1162 5599 
6244 7706 
6366 1903 
9105 6992 
1858 3820 
61 8972 
5024 3976 
2566 6836 
696 8677 
755 6106 
5306 4139 
2969 2956 
8259 8155 
5010 1380 
1134 406 
3843 3282 
1869 6904 
4280 4000 
6447 5995 
2826 8648 
8798 1148 
4479 5061 
6478 7785 
2422 2048 
4544 123 
1891 6542 
2428 7807 
6407 1849 
6933 3395 
7419 7538 
2497 1017 
7248 3825 
5325 6597 
1208 4164 
5948 9260 
223 7855 
1749 3657 
4114 4324 
8771 3991 
5445 8241 
2661 9542 
6346 6791 
1468 3924 
8490 2010 
8926 1708 
3502 7619 
2927 8559 
8348 3033 
8279 3833 
9179 9059 
7614 2685 
5132 3028 
3013 1472 
5525 670 
775 6717 
7516 4371 
1466 8168 
2445 5126 
2005 4642 
1748 5679 
2186 6930 
4762 174 
2907 3848 
756 9205 
4010 1792 
877 2900 
214 307 
4180 4818 
5336 1690 
9137 3142 
5528 6079 
3918 4259 
1332 7734 
9055 1532 
9077 7721 
3381 7022 
1451 5355 
7007 8961 
4696 6488 
7726 848 
7295 6402 
7700 2439 
4081 6570 
7912 6928 
3937 4610 
4792 8745 
5277 2833 
1272 4993 
3181 4493 
1389 6399 
3243 4503 
7177 2206 
6984 344 
9136 5462 
9057 5698 
9421 2390 
8445 9537 
5641 7816 
3572 1241 
2799 6537 
7280 5525 
9313 872 
9581 3643 
3381 3553 
1950 8435 
4184 7954 
3232 1309 
102 7582 
7500 872 
9572 6708 
6186 1247 
1464 1607 
860 5462 
8971 2021 
2014 9449 
7893 3641 
7949 1073 
4960 3816 
8780 1729 
2421 5321 
1585 3754 
4629 1303 
3618 775 
523 3172 
7271 6619 
601 3636 
7997 2404 
9033 6682 
5531 4920 
5395 9263 
8893 1934 
1133 717 
5303 9186 
4907 7493 
666 8718 
4547 2337 
6004 5622 
6046 4978 
6766 644 
6399 7723 
1148 1903 
6995 8815 
663 1298 
8600 223 
8595 7402 
1549 5444 
9174 6567 
6245 7767 
6753 262 
7438 1422 
9396 5197 
2505 2464 
2469 3832 
2004 2232 
3704 2965 
4217 6631 
3680 8282 
4842 6522 
9041 7289 
2725 4568 
878 1414 
9208 9423 
3180 5797 
2686 2808 
392 1146 
3291 6178 
6782 7695 
2504 1432 
8689 6242 
3226 4396 
7765 4885 
2357 8620 
1253 8215 
8133 8283 
8276 4290 
8570 1345 
3891 5996 
8327 2062 
1147 956 
3570 4031 
4223 8729 
7503 8725 
5772 1119 
2774 223 
4619 1793 
9460 8037 
1658 2781 
4026 3030 
8472 2891 
4797 4503 
9583 8674 
7528 3527 
1664 5850 
7559 1201 
1693 9466 
3587 7982 
46 2123 
3948 4830 
4585 7513 
8801 7809 
227 6922 
1083 6671 
7452 2970 
5234 4705 
6904 5456 
7463 7342 
7322 6828 
680 3940 
9201 8956 
5684 2468 
1189 4865 
4054 6043 
4351 7916 
4143 7960 
113 1083 
8243 4664 
2430 6244 
6795 2127 
8741 7298 
8859 1237 
7292 2304 
4001 3216 
572 9190 
1241 1731 
8352 1530 
648 7753 
7455 6372 
1741 5383 
6526 438 
7650 7525 
9492 3434 
914 486 
4436 6505 
5373 5499 
8627 7827 
745 8645 
1475 4152 
7245 2259 
3563 9498 
1298 629 
6176 9273 
7243 5340 
3466 4796 
7614 8448 
4919 4386 
2079 4629 
98 8233 
2149 1286 
2349 9061 
8994 6687 
3081 6245 
761 459 
1328 2139 
7638 9269 
3077 7887 
4967 2167 
3729 1478 
4289 3246 
8640 3225 
1600 6913 
2659 6770 
7072 8304 
6772 4740 
12 3366 
1707 4766 
6924 8590 
669 9332 
6110 2795 
4015 3973 
4307 3515 
6386 9010 
4195 8539 
9092 4697 
1393 4127 
6155 3862 
8589 6419 
2311 3509 
6802 8203 
8288 7302 
7759 1024 
4597 2758 
3125 6280 
1869 2554 
2823 1846 
1904 3350 
7391 3564 
8299 1775 
6143 4631 
3994 3016 
6335 2280 
4500 6102 
3841 3110 
3931 318 
6158 7602 
935 2981 
8251 8089 
1163 7268 
5466 2164 
2578 8529 
6118 387 
3567 1968 
4996 3136 
2038 8229 
5607 4188 
3268 4882 
2455 3897 
4796 7331 
4602 4632 
2914 3059 
5890 7163 
1941 3965 
2999 6755 
4167 7457 
5809 8069 
278 67 
6992 3902 
7704 6166 
8950 9585 
7879 8359 
9298 2266 
8656 1351 
9008 2945 
600 1751 
4005 6669 
1372 3293 
2111 5970 
5554 9552 
3360 8936 
9144 1020 
7998 7236 
8465 1009 
2476 4088 
5362 5003 
8920 6097 
611 5769 
4841 4281 
2417 4982 
5381 4300 
173 8375 
6613 5226 
5447 8109 
8601 6100 
1956 9508 
2990 5943 
3100 518 
6079 1232 
5788 3271 
4004 5990 
5539 2936 
440 5800 
4450 5516 
9254 8000 
8659 4246 
6888 7396 
3898 7687 
8978 4198 
5880 720 
5080 5984 
9090 8407 
5648 63 
3418 9127 
8652 97 
95 1243 
5186 6452 
4470 6242 
1171 9168 
3145 5589 
6761 186 
3457 5379 
7430 4156 
1013 3947 
7112 3254 
9189 1817 
7198 4060 
1220 1309 
6660 4038 
5939 4591 
8589 5389 
7907 2681 
9334 6680 
4248 2481 
8545 3266 
6523 7067 
7452 7124 
3187 9420 
3677 761 
196 3446 
5583 2123 
8935 6011 
8105 7466 
8223 2191 
7388 9076 
6936 2588 
161 8770 
78 2081 
2669 157 
2036 2501 
6783 8640 
4141 808 
2065 6529 
6875 3592 
1084 8126 
3429 96 
2245 9253 
9138 7180 
1787 3464 
8996 7339 
1763 6254 
4250 6435 
7249 5414 
6795 1048 
6616 4752 
2984 5223 
3991 8940 
47 5606 
7865 526 
5869 322 
9060 4343 
482 556 
3628 8063 
5406 8352 
1288 1878 
7939 8943 
1024 611 
1425 2907 
1847 5070 
5098 3484 
8137 2697 
7252 1228 
339 7642 
717 7042 
8927 1341 
7577 4311 
2515 5620 
6136 1940 
4557 4083 
8876 8138 
3881 8777 
5352 3011 
1429 8727 
1821 439 
7083 4286 
4357 3261 
1111 8094 
6276 682 
8584 3433 
2771 3709 
2261 1348 
4872 8222 
1345 3261 
9291 5778 
6288 7103 
7249 8238 
8859 169 
9417 8487 
5746 7061 
3404 446 
2325 101 
3759 9227 
3628 7060 
3447 5478 
3205 9303 
7141 9272 
4073 1074 
8296 8547 
2464 3600 
9552 4812 
4050 879 
6531 4176 
7726 6341 
9274 675 
2872 6546 
3496 7708 
7948 576 
5476 5460 
5823 591 
3928 7825 
7275 9540 
8893 6586 
8216 7723 
5307 6397 
8621 1590 
988 3560 
4818 5858 
3317 7044 
6100 9441 
6699 5998 
8195 1783 
210 2451 
166 8696 
1191 758 
205 272 
9238 5633 
1550 8267 
4553 4429 
716 6345 
9368 6402 
5202 5592 
5270 6698 
8950 3395 
4354 4796 
8740 7283 
7128 387 
4041 1167 
5065 2662 
7740 6586 
1112 6166 
2321 9228 
9162 8568 
865 9245 
4517 3353 
1472 5416 
6518 3647 
4800 8050 
1555 8603 
1073 4435 
911 6270 
5439 829 
8107 7317 
7629 7933 
8871 4738 
4432 4062 
4708 7792 
7490 6379 
6631 488 
8911 239 
500 4737 
8488 4015 
229 6077 
6687 131 
3907 1307 
2203 4378 
7494 3690 
5272 2451 
1967 4957 
7519 2377 
4898 7941 
3702 6392 
3929 6112 
8400 5929 
6672 564 
3826 1957 
6739 8332 
6708 5985 
72 1422 
7795 485 
4421 9192 
7694 5009 
4024 7642 
2533 398 
4290 8749 
3107 4342 
866 6486 
6458 4213 
5833 5920 
7814 87 
1206 6919 
4355 9492 
7471 596 
4038 9573 
6405 867 
3642 1859 
2183 5558 
791 6224 
4561 2045 
1843 6066 
117 102 
3675 8809 
2406 212 
4706 3840 
2787 2204 
2536 6617 
7060 8969 
5509 1016 
8516 6383 
3187 3577 
6503 7060 
4697 7578 
5975 4661 
8377 8133 
6640 3191 
3441 8198 
8816 3022 
6286 3117 
2528 2647 
2304 8912 
3067 2216 
4525 7509 
4917 8994 
5559 5644 
4054 8514 
6633 4549 
425 5755 
855 478 
8294 7021 
7432 5675 
7869 7308 
1664 3848 
3309 1299 
8973 1098 
7648 579 
6607 1476 
1180 9025 
4167 574 
4178 2799 
7613 13 
4499 4369 
3915 2989 
8592 1425 
5829 8108 
9517 1263 
2343 1919 
8977 2215 
104 5421 
802 605 
6937 6405 
4816 5833 
4068 7435 
3707 2234 
859 2046 
5791 4333 
851 6858 
8931 4872 
8347 744 
8955 773 
8835 1683 
6893 6742 
5147 4654 
1350 2720 
3387 3163 
4013 2589 
8152 3523 
6453 7967 
4391 7767 
2917 1241 
528 3370 
11 9357 
4663 3980 
7317 592 
486 4810 
1393 2149 
7261 7149 
2815 8903 
8119 7286 
6909 7167 
7466 8974 
7472 6265 
2878 1068 
6146 615 
6188 6894 
2175 9427 
5043 2265 
4695 8703 
6070 1715 
8608 115 
2501 7687 
5816 3389 
7448 8341 
5817 3229 
5292 137 
9174 1719 
4239 4809 
4804 2643 
7038 8526 
7143 5027 
4460 2072 
4524 5594 
4449 8210 
925 6404 
6405 4000 
2329 4228 
8676 3518 
1428 8858 
8537 9153 
4057 2905 
991 3935 
8273 1504 
4107 8729 
663 7726 
5722 6551 
1635 620 
1478 8890 
7872 1898 
6386 4581 
4017 9251 
6794 9061 
674 7258 
5768 214 
6070 8075 
8761 2300 
5564 4453 
8994 7677 
7940 1455 
8584 3621 
9480 3711 
263 4801 
4615 4418 
4083 6953 
4593 2104 
5992 2611 
6810 1020 
9365 1570 
6312 6609 
5033 3684 
7219 1609 
5047 11 
5016 4147 
3234 5493 
2596 7018 
4506 6744 
4492 3449 
1200 6046 
1104 4784 
8534 5880 
2046 757 
8056 7131 
1483 2890 
6201 6615 
6791 3253 
9046 6036 
4722 4875 
1977 9390 
9329 3834 
7842 3177 
3967 7894 
4356 5877 
7145 8461 
466 9176 
8684 8063 
5051 9029 
7193 4055 
2533 1096 
7735 6450 
8860 1405 
8607 8199 
6552 6218 
2579 3732 
5134 8527 
6059 3002 
850 1398 
6897 2582 
7531 4196 
781 5063 
8030 8079 
2807 6875 
8276 5025 
6722 6454 
3845 9219 
1692 1666 
1566 4760 
3747 3339 
1677 1427 
3162 5255 
5242 6179 
4766 6138 
1337 3128 
2260 8312 
5282 5887 
1562 811 
5932 8915 
482 472 
9203 4470 
1982 2413 
7486 2061 
2355 2202 
4815 702 
2412 6624 
6833 2089 
5084 3908 
2957 7806 
3710 6417 
8282 5126 
695 6336 
9119 6643 
4893 1426 
8680 5146 
7761 7000 
4437 670 
3500 7414 
8157 6897 
3172 2057 
2374 524 
1019 9130 
4760 1737 
6117 4436 
6355 5920 
5148 8052 
294 5866 
3767 8865 
840 4624 
6352 4963 
2101 7223 
4215 4211 
3700 5397 
4970 5378 
4063 1828 
2674 8736 
5207 8043 
5017 1484 
2002 8725 
7258 3180 
583 7192 
1649 8031 
4337 7424 
9445 4942 
7603 4480 
7853 7960 
8059 6686 
3024 2204 
3107 7664 
3679 5785 
122 5445 
2370 1194 
4317 6890 
1810 3029 
4387 5177 
6974 1215 
2660 4850 
5715 9384 
4820 1127 
6746 3768 
866 1061 
794 2251 
2132 6890 
3275 8064 
6576 2637 
791 1987 
2408 3720 
4519 1819 
9564 5373 
3387 4690 
1872 1457 
5527 1389 
8308 1944 
9437 1927 
2807 8953 
4629 3198 
436 1954 
117 5073 
8173 8232 
5053 7019 
6957 6266 
5054 8318 
2382 2159 
2949 1310 
9029 825 
8356 1192 
7362 8742 
3907 3046 
3091 2480 
426 2853 
4888 6602 
8268 7605 
106 3727 
3105 2621 
7640 4191 
5958 9022 
7622 4731 
3344 8593 
4326 116 
2709 8458 
5423 6431 
8240 4831 
3155 5819 
7681 7404 
3875 3070 
7148 7276 
6044 7211 
9574 816 
159 7899 
2952 3030 
8289 4520 
419 7209 
7458 1997 
5178 3967 
1265 9190 
5684 7080 
3846 1528 
9373 4521 
1143 5424 
6624 123 
1996 937 
2022 8706 
5626 1820 
8277 9561 
6716 6551 
7870 7691 
6054 4488 
565 7161 
3791 4321 
1515 6908 
474 2623 
1704 3569 
2974 5219 
477 2393 
4706 9100 
293 211 
1228 7921 
6256 5980 
7841 538 
4665 4159 
8312 4708 
4709 249 
5270 7399 
4123 6171 
8145 5434 
6200 6263 
3044 6021 
169 2504 
8413 4831 
971 1112 
4952 655 
5346 3777 
6263 1919 
8800 8337 
2489 9517 
2381 9493 
5542 7253 
3683 8369 
4656 1202 
8770 74 
5268 5516 
4522 3203 
8188 727 
6017 8177 
7860 6987 
5281 6304 
2115 2805 
3841 4306 
7776 1328 
5614 4865 
7196 8390 
7518 5085 
3359 7225 
8304 7197 
4519 9198 
9034 7121 
8902 8896 
517 8631 
2841 3077 
2302 1772 
1758 600 
6694 9482 
8945 4374 
1007 4555 
4330 8310 
3338 9290 
4103 7645 
9538 9155 
4993 4736 
7792 3861 
2338 3981 
3179 6307 
4680 6773 
132 7105 
7330 2275 
1795 2953 
7056 7401 
7379 7195 
7217 366 
5522 2413 
4726 1253 
1422 1308 
7344 7115 
1642 3650 
4906 4062 
5013 8804 
1396 310 
7222 8562 
8450 452 
3301 7671 
729 370 
2950 4758 
7903 8834 
4367 9259 
9544 4374 
2834 7964 
3519 7522 
7027 1959 
1438 1364 
9332 3792 
9235 6927 
1696 522 
9107 6361 
2878 4200 
3546 1558 
8119 4908 
2712 5337 
1766 8786 
6989 4415 
961 4208 
1432 3029 
2371 5858 
4678 8869 
6721 6420 
971 7271 
2498 2161 
2503 1529 
2388 8882 
8330 2163 
8239 2488 
8809 2030 
3536 4281 
8602 2395 
180 3835 
7227 7795 
8509 1430 
1834 8957 
3041 6975 
7161 5475 
5442 1510 
5437 499 
3738 3388 
5578 9006 
3802 6476 
8869 6107 
9299 8976 
5963 7954 
3669 3405 
2402 8791 
276 2433 
5956 2422 
9355 9149 
4636 8619 
1015 7081 
202 244 
2444 4060 
505 7384 
4547 9295 
6926 8096 
2530 8725 
3927 1138 
8582 2832 
8895 857 
9171 1666 
4545 8158 
5020 3798 
3251 1995 
7146 8494 
7945 6071 
7766 8864 
6883 2063 
927 6014 
2746 5979 
687 8239 
2040 5696 
3379 7743 
8525 6785 
7747 4883 
7356 5442 
3581 8631 
1728 9320 
7011 1493 
4918 3153 
3118 2784 
7095 5859 
3960 5489 
4563 6590 
4147 3906 
5511 4851 
9451 1856 
9566 6804 
8049 8086 
6814 8474 
6652 8382 
4683 7382 
3047 723 
2118 5440 
1247 6236 
2674 964 
2654 8973 
6345 1775 
8555 6964 
8932 3375 
8762 7065 
8252 60 
248 9349 
8991 115 
4777 9277 
9346 1012 
2477 0 
7302 6505 
7693 8290 
1764 8481 
2309 4896 
4044 4259 
2664 4081 
4686 3135 
432 4320 
8412 6156 
5836 5735 
5224 4302 
8448 7476 
9096 6079 
5278 6373 
1689 7154 
6402 4598 
780 3718 
7594 4361 
1931 1811 
8492 9309 
8505 8766 
2427 983 
8632 5716 
4774 9326 
6902 1795 
5122 3937 
1932 2139 
3884 3722 
3263 9527 
7181 904 
4598 8178 
4004 9318 
8325 9214 
8354 8060 
4368 4329 
4987 5295 
7612 321 
1274 934 
3030 4365 
769 4339 
7170 4868 
3261 358 
923 5378 
8090 6440 
4652 3594 
8958 2154 
7430 303 
6524 2863 
6788 6560 
1005 6592 
6187 6854 
7442 7298 
7327 4853 
5962 7748 
26 990 
5264 4743 
7738 5898 
5365 1945 
5156 9547 
8228 7708 
2778 9550 
1575 7113 
3286 6855 
2877 2818 
5905 3458 
1853 7781 
528 2320 
7697 5789 
3418 6819 
5646 6480 
5846 692 
3199 2371 
659 3004 
1390 6171 
5329 1312 
6184 8 
6543 2449 
1087 5093 
6588 572 
2234 1644 
2069 3654 
9121 5370 
5931 8512 
5888 2302 
369 6064 
9336 4629 
4004 2676 
31 2793 
8794 6795 
7278 2180 
8814 4622 
1714 3614 
5757 4114 
8770 3274 
8813 3815 
5429 3539 
105 6256 
543 9363 
7626 4087 
4063 1035 
8494 5324 
8342 7166 
1073 5718 
9410 5939 
5364 4532 
4939 1742 
8318 6001 
1113 220 
2949 152 
6756 7066 
1426 3940 
1570 5344 
9362 6219 
5797 3922 
3437 6194 
1937 9545 
9343 7563 
3188 2263 
5289 342 
1288 8990 
4065 5089 
447 146 
2930 1860 
7317 6096 
8015 1902 
5207 4177 
8356 4738 
2322 4186 
7561 7883 
4755 5128 
4326 4270 
9103 158 
7589 6218 
4742 9204 
6743 3990 
3108 6162 
2400 6513 
1157 3749 
14 787 
3172 2050 
1891 500 
5931 6025 
9421 9481 
8382 1557 
4475 2080 
9181 5849 
7268 5406 
9518 5284 
7552 8301 
3197 4932 
6118 7141 
8578 8873 
7950 9102 
4845 2178 
8134 3461 
8606 1334 
2108 4125 
5141 4962 
5915 7671 
6800 378 
5749 5400 
3925 479 
9192 49 
6791 7904 
3869 2273 
3876 7791 
4731 5676 
8756 7845 
840 805 
4927 3331 
8275 2165 
9295 7156 
4239 8644 
6833 6920 
5076 6246 
9266 4564 
4439 5772 
4233 1478 
258 6171 
2274 6788 
6566 7907 
812 8088 
1760 2484 
666 2796 
1273 9173 
8457 5442 
9238 8590 
4286 2080 
4390 2127 
6322 4117 
2303 72 
5850 7238 
2219 3178 
7532 2825 
9299 2129 
2782 8410 
7038 8822 
5370 7518 
2165 7004 
1007 162 
9191 7289 
424 201 
1620 2676 
9405 7050 
752 8341 
3839 5584 
8619 3872 
3730 9362 
98 6594 
2488 1182 
7436 5385 
1968 2508 
5998 9563 
3721 7568 
6218 3412 
9390 920 
3358 7800 
2208 7480 
4018 4986 
6475 3006 
763 6621 
2121 8321 
7244 4131 
58 2330 
2343 2957 
4229 5575 
6142 108 
263 1672 
2826 6626 
4149 595 
64 7476 
3848 1302 
8214 3222 
5164 7142 
2044 7812 
7812 2786 
6435 8500 
1439 7439 
653 3780 
6018 3535 
2938 2902 
1119 5157 
8098 5204 
9282 7609 
6331 5855 
2130 4808 
2163 8868 
4083 3515 
3832 238 
4468 9140 
3663 7307 
7953 6131 
5076 6832 
2850 1309 
3851 1826 
1785 8071 
6023 3951 
154 5055 
8848 4705 
4849 1702 
6675 7387 
6646 2418 
5771 4397 
3616 8746 
7359 8838 
6899 6863 
7395 4310 
5361 4998 
4532 633 
5713 8882 
846 8523 
3577 9189 
603 9215 
8468 4578 
5497 4258 
1984 5351 
398 8434 
2919 7802 
4462 5619 
8360 3107 
3381 6328 
4144 3344 
7832 3546 
1930 3649 
1086 2649 
3131 8210 
1039 7033 
2544 3070 
6569 4094 
8140 6786 
4653 4247 
3310 9343 
4602 1430 
4038 4522 
3785 4632 
956 953 
2278 9282 
6829 5470 
2574 6468 
3576 1527 
4019 6648 
4747 8821 
2202 8090 
3249 6853 
5456 5809 
917 4611 
2785 5742 
5979 8162 
4226 3815 
4890 5667 
3161 6066 
1864 5674 
5021 8052 
3770 8526 
4418 409 
7030 469 
2771 2703 
5014 8663 
6050 4244 
1375 3614 
8110 466 
5068 2828 
833 7527 
9029 8143 
5775 3570 
1444 6614 
6158 9245 
1500 2287 
548 7530 
9024 7803 
9498 4271 
8060 6442 
7242 2364 
7254 1849 
2575 6345 
5227 4347 
1164 7135 
5526 2099 
4387 1599 
4655 7844 
8176 4676 
4971 970 
173 1266 
5036 8399 
5162 7069 
8668 5542 
6948 8988 
1613 4330 
9183 7764 
4789 3796 
4008 102 
3672 7616 
1709 8216 
7625 1212 
1202 1395 
4779 5984 
5539 8444 
6154 6222 
274 8461 
4935 7238 
7480 7914 
6976 3801 
3882 1524 
99 790 
6513 1170 
5267 3020 
1637 466 
1276 573 
758 7526 
2342 6506 
8274 6018 
5648 8625 
3291 8418 
2271 7367 
7472 7165 
7676 5111 
2955 8377 
2376 5764 
4980 6178 
1561 5771 
5699 849 
5681 3886 
8160 1593 
2837 3730 
6942 6080 
4829 2645 
20 4790 
5489 4393 
8675 8531 
6362 7519 
4723 1137 
8849 7815 
785 391 
4286 9023 
4538 8957 
3686 4637 
5951 7265 
7521 4254 
1293 1140 
3378 3604 
4442 8233 
658 454 
8980 656 
696 6720 
9439 6084 
1063 8375 
4538 5546 
6428 75 
7506 6342 
683 899 
8101 483 
7693 6058 
7038 3917 
2816 9146 
4753 9274 
8230 4075 
2423 8711 
2707 8401 
8951 7568 
8455 4764 
8701 9098 
6485 8827 
3568 8497 
5457 7547 
3824 9078 
2772 3586 
8143 1543 
5957 6332 
9134 7927 
9023 4622 
7388 1904 
8474 4706 
4035 5276 
3608 5901 
2173 1439 
611 7676 
6597 3032 
3436 5818 
9334 5417 
8540 8518 
6090 5161 
7009 6620 
3029 6281 
3329 1597 
2131 4841 
7760 9214 
4952 7410 
7226 8937 
3189 5227 
6886 8427 
6749 3958 
2913 7816 
1305 40 
323 1024 
1144 386 
6292 8063 
7229 7671 
7196 8235 
5857 3570 
4689 8025 
6922 6115 
9087 284 
3012 5786 
8310 5949 
7000 7369 
2103 4375 
7825 7548 
9425 3774 
8026 509 
2814 9213 
3636 918 
4461 4616 
372 8788 
1659 5240 
6885 5794 
1065 404 
5391 4554 
6368 6969 
224 3756 
8339 2431 
9226 1731 
2425 8933 
8769 8338 
3145 4000 
6435 7149 
1001 5130 
5799 2882 
3608 7457 
3543 1324 
3401 9196 
3305 1755 
5916 3114 
262 9408 
8729 2455 
3148 5496 
2936 1751 
5856 1101 
1216 8372 
1340 1577 
3203 9279 
1388 214 
1360 9297 
8787 5051 
3117 4533 
7780 558 
7941 4870 
2775 9460 
8359 3435 
8614 1505 
2822 4794 
3889 46 
4573 3809 
4505 1939 
3410 8374 
967 1504 
6 4456 
7349 1508 
6125 9577 
1818 8077 
5448 3404 
4500 5453 
3151 5283 
798 6564 
7637 28 
5935 5921 
1347 1985 
1672 2414 
7630 3088 
3518 144 
2118 7954 
7534 4446 
933 6591 
3063 2616 
6370 6024 
3624 2810 
5252 4889 
5306 2254 
8889 6330 
8196 7430 
2581 4324 
278 5883 
9554 7649 
1224 4406 
3167 2159 
5269 8332 
1300 5419 
5784 2694 
2143 6396 
2902 4562 
7612 5969 
6749 3736 
6284 8117 
8751 5370 
3834 7333 
7915 2143 
3526 1774 
1067 3617 
8914 4583 
1337 5942 
5104 4639 
8552 6687 
2333 5921 
1749 1149 
7677 5914 
133 6204 
4003 4165 
5497 8812 
2950 3940 
5878 9478 
3115 6284 
8829 6840 
1582 2641 
2054 6119 
4817 1834 
6180 4042 
1209 626 
1221 1387 
7502 2391 
4716 2405 
4608 4172 
2401 4903 
3878 8746 
7565 8661 
5952 5657 
2956 642 
8223 1568 
4993 8579 
3243 9218 
6264 6259 
137 3355 
3724 2727 
4842 4078 
6031 8826 
7341 1698 
8611 7994 
8483 6101 
4035 5199 
6127 5914 
4456 7841 
1485 4784 
1152 2723 
6479 1399 
7140 5410 
1879 2668 
7596 8650 
6751 5283 
364 3125 
7241 5443 
1024 4916 
1647 7920 
4542 6585 
898 5337 
7487 188 
4985 6902 
9385 8216 
7871 6243 
2843 4698 
8269 939 
2294 530 
4835 7962 
4325 1043 
9399 4114 
2674 6109 
4786 2833 
6366 2684 
1478 5903 
3261 7846 
2986 827 
3498 3247 
294 553 
1277 2969 
2399 2141 
7257 7388 
7546 8296 
1981 3550 
7953 8795 
7405 6805 
4445 1415 
7478 8759 
1699 1875 
8439 2789 
4947 1812 
7117 653 
6278 741 
2511 610 
5954 1881 
725 9155 
9261 4669 
3540 4939 
97 5778 
6838 8690 
9586 7658 
8532 6182 
1833 1038 
7771 8209 
5868 1196 
8149 2439 
9271 761 
9218 9386 
7935 780 
6089 4626 
7835 5391 
4000 279 
2805 5601 
7700 8501 
5871 7273 
9204 358 
4845 2269 
6453 3907 
6116 4256 
2086 6962 
2940 9163 
8866 4335 
1495 9259 
3556 6255 
1120 6852 
2442 9 
5858 8225 
1 4252 
3387 4140 
6479 2827 
1499 3794 
3096 8512 
1438 4911 
1424 6783 
1988 6703 
5394 3387 
4733 2933 
2653 6432 
9566 9031 
8970 1517 
1070 1555 
8325 6835 
5818 796 
1002 4023 
6570 4267 
7593 385 
2519 4095 
5961 8638 
4587 2573 
3627 1999 
361 6663 
2310 740 
5995 3811 
976 7963 
1200 1480 
6262 66 
5077 2780 
4676 4785 
5229 473 
1975 1667 
7473 1530 
3342 4816 
3425 7159 
3242 7048 
7836 1264 
1654 2543 
9019 5660 
9318 8682 
8490 843 
9123 1611 
680 3114 
7764 1557 
4192 6900 
388 191 
6190 4890 
7779 267 
8365 1644 
1707 6240 
164 1163 
2254 1929 
4767 1982 
4248 2070 
7705 8801 
6286 8527 
3680 1426 
805 1647 
3198 826 
9039 465 
3955 4516 
9058 5298 
8384 2695 
6334 340 
418 8508 
8348 1154 
6933 7183 
329 491 
9309 7457 
4281 8048 
189 5439 
3583 8840 
2899 6376 
7822 1302 
5136 1171 
4313 6506 
4656 3644 
4223 4652 
2698 421 
8809 5235 
6141 8378 
7251 1635 
2347 3745 
88 2572 
1110 2190 
2135 6903 
5085 5207 
8807 4781 
937 6939 
3564 2817 
3859 5215 
6911 8664 
8405 2381 
8897 4989 
5062 2559 
2169 1621 
5669 1862 
9034 3023 
6969 6600 
78 1633 
2967 7923 
5241 2382 
7974 2062 
3324 669 
5142 3059 
8471 4697 
920 1835 
3054 1255 
4366 6054 
6679 827 
8542 6306 
3252 8819 
1136 9312 
3876 6681 
4376 8036 
3420 2635 
8734 2134 
4430 3104 
8060 8198 
3415 3631 
3391 2689 
6840 656 
7339 1968 
5164 2122 
6138 8515 
786 2258 
6311 588 
3666 4209 
1377 6942 
2712 7608 
3748 6086 
3844 9410 
8497 7903 
4418 3175 
207 1543 
507 6009 
4265 5487 
2443 5890 
2209 1067 
7667 1877 
7794 4730 
3109 7263 
9555 1137 
9024 6774 
4949 7033 
4230 4267 
9336 2317 
6496 6190 
3339 9577 
7006 9044 
5815 6404 
187 4623 
4750 3347 
1233 6928 
4899 8222 
4648 7650 
5123 8873 
7518 174 
2382 2090 
9502 7522 
5765 809 
1858 1448 
642 3286 
784 1025 
2183 2168 
3320 6654 
1006 8770 
3067 4844 
791 4096 
8975 4765 
1810 5452 
4054 9523 
2762 1888 
9398 646 
7182 671 
5313 6664 
4248 3807 
1363 2793 
8346 2845 
7545 7055 
5528 6341 
6282 8801 
693 2870 
864 5023 
2181 5054 
6966 2968 
4055 6313 
3116 1031 
2580 6679 
694 3414 
1901 8337 
4597 4657 
9475 1201 
3061 5372 
7899 5108 
7429 5530 
6997 4993 
8217 8875 
8602 6684 
550 9449 
5465 2645 
7433 9223 
973 7839 
8926 5364 
4916 3525 
702 3638 
2306 2582 
7642 548 
8345 2804 
3496 4126 
205 6460 
7292 6845 
9477 6234 
742 5112 
4105 8410 
5812 2528 
6261 3812 
8089 3015 
3352 6571 
7935 7251 
2696 3159 
4365 3765 
1000 557 
299 5397 
8408 5302 
4847 4020 
6032 4072 
7724 351 
1459 1502 
7675 2947 
2703 2060 
3849 1843 
7425 9330 
9463 6589 
8840 860 
1327 4765 
5127 4260 
5235 2145 
6431 8385 
1630 282 
999 8036 
4024 5973 
7496 7378 
2552 6520 
6830 806 
176 349 
5610 4751 
900 149 
1934 1551 
158 5002 
6298 7887 
8166 4697 
4234 7568 
5947 6016 
6419 9027 
2530 3285 
6282 6362 
1301 8702 
2897 7870 
1986 8510 
1558 4118 
4088 3844 
8170 1467 
4948 163 
7676 2729 
4294 632 
8527 5701 
9168 4390 
9143 1063 
7223 7820 
4965 3747 
1447 368 
6786 251 
6285 2573 
7256 5305 
301 2125 
3526 3680 
7118 6317 
3199 1310 
463 4156 
1101 4569 
3285 9102 
9506 5729 
6299 6086 
4251 9571 
6510 2936 
653 2325 
3823 2512 
8564 745 
7942 729 
653 5509 
8051 4748 
2057 6387 
5033 7007 
9560 2334 
5032 2948 
3412 4386 
6990 3295 
1361 4255 
7003 3769 
6181 3437 
1653 2081 
8856 3878 
2027 1828 
966 275 
5343 9453 
6750 4168 
7970 1564 
5494 6022 
9278 1833 
5247 7568 
396 2614 
4676 4831 
2084 7176 
7462 6308 
8381 7473 
4546 4905 
7690 5060 
5232 2871 
3452 1456 
4557 1907 
599 4770 
4700 6878 
4488 7377 
8162 2457 
9068 2757 
6234 6441 
1519 5681 
1610 6795 
2572 6982 
3920 1908 
6698 3571 
7712 5913 
29 7067 
6561 4189 
9058 6410 
8692 6558 
5322 6975 
1963 8499 
7565 2761 
9517 3948 
8792 2631 
6887 4146 
6990 5291 
8722 4232 
6153 5385 
1689 6023 
495 7341 
7970 7632 
4458 5619 
2451 5136 
709 6271 
2546 7910 
7109 403 
3228 3295 
5970 6373 
5213 6010 
712 1235 
8554 7900 
6525 6286 
3437 1778 
6510 6465 
3514 6100 
9331 7849 
1027 959 
6734 3874 
5206 8755 
5930 3541 
3152 3133 
6794 5783 
7911 8833 
5705 8267 
8696 957 
5733 4181 
1666 248 
1545 5124 
5812 6964 
2359 9416 
6594 2792 
8783 798 
972 8662 
9564 5272 
7687 557 
4409 9324 
7895 1783 
1537 6242 
3880 4983 
2884 3333 
786 7785 
2233 8895 
7369 7481 
797 1914 
2634 1093 
4785 2983 
2840 5954 
8865 6582 
3379 7877 
5454 9229 
2950 7364 
1710 8836 
4856 4846 
6361 2479 
6314 3903 
978 5466 
145 4003 
3093 5979 
6125 5710 
8700 2446 
4556 5241 
5307 6660 
5993 6015 
8183 5554 
3719 5551 
2496 9296 
8758 498 
8646 1480 
2100 8075 
7098 4560 
7987 638 
5715 4392 
7200 4096 
8865 9186 
7930 4611 
2192 4360 
3022 389 
5339 4482 
5519 9575 
8132 570 
5862 9035 
4126 4200 
6797 7050 
8859 2579 
697 5699 
6058 5288 
7577 3614 
7651 4250 
6143 5958 
6213 1179 
1443 2884 
8404 7225 
151 7536 
2637 3754 
3634 7197 
7119 8325 
5023 6229 
3833 2019 
9358 4133 
6982 4039 
1270 5754 
8959 7736 
4624 2767 
3958 7419 
3181 5073 
1253 6350 
8407 6096 
7284 4654 
1059 3366 
898 2620 
6903 8957 
9182 6560 
881 4100 
7049 2703 
4105 307 
7410 6415 
258 6573 
516 4287 
7639 7940 
392 9357 
5297 4860 
2742 145 
899 1872 
8003 2011 
4100 6801 
1037 4696 
307 9560 
3623 2629 
1255 5131 
3320 896 
5857 3798 
1576 2325 
690 3175 
9150 1570 
7433 1439 
7365 6472 
2030 8107 
8731 7161 
8968 6620 
6357 1875 
1727 4039 
1569 2825 
9562 1298 
5920 8964 
5340 2607 
554 2501 
8283 7329 
3211 4358 
1560 5513 
3057 6729 
7393 39 
5962 4278 
9238 3361 
227 3990 
198 6228 
2238 4297 
5343 5753 
4649 4638 
5238 222 
8331 8385 
3075 8142 
6676 5325 
3591 9562 
8798 3333 
1985 2173 
7937 7076 
8552 4517 
6663 8285 
510 7834 
6913 9221 
1819 2600 
8386 4974 
7985 6638 
5019 1988 
5415 4152 
7764 8500 
8898 2639 
8774 1454 
9077 3231 
8191 8164 
7712 1904 
1165 8963 
7534 7931 
2185 6065 
1187 1391 
3439 7175 
6439 7976 
271 3329 
635 3260 
4079 3286 
5331 4087 
3053 6155 
6763 7684 
27 7122 
2575 8435 
8727 5592 
3357 9425 
5104 3422 
3161 685 
7987 1010 
4843 3195 
4956 2508 
6540 1398 
2598 8752 
4607 3323 
5420 7899 
1215 4117 
8285 2126 
2037 8129 
2221 1826 
7415 4527 
1689 3220 
6744 7621 
718 7037 
9252 4786 
4958 5746 
6846 5928 
8094 1597 
8210 442 
8838 675 
1421 7090 
8689 954 
242 4072 
5803 4401 
1868 3136 
5689 8786 
6590 1274 
6653 3294 
2544 1292 
4054 6407 
4475 264 
4253 5977 
5921 5069 
5445 4830 
4668 511 
6054 4480 
3770 7965 
3611 434 
8144 5471 
974 2237 
8684 1536 
8686 2297 
6490 4718 
20 1515 
2020 2793 
7416 7497 
5757 7017 
7121 8696 
8376 7055 
1349 441 
9010 568 
8495 6003 
6159 8514 
6271 8936 
4968 2490 
3247 3348 
294 5521 
351 4320 
1281 2897 
9458 6429 
1869 3489 
3259 5520 
4812 2421 
7592 971 
9560 3911 
6597 3343 
5445 3993 
4321 5648 
371 9404 
5193 8882 
4954 135 
9549 5789 
8756 8403 
6809 8640 
8369 6128 
9396 5102 
8949 4268 
669 5098 
1777 5292 
6154 5307 
6499 4686 
8231 4104 
6687 2532 
1625 9028 
4089 1448 
1616 9219 
6782 1295 
2670 1026 
3367 6879 
3282 4797 
4799 4399 
4748 7994 
4993 4727 
2760 8233 
5699 5918 
4278 5157 
5851 3425 
9290 4439 
6437 867 
5081 6925 
4878 4914 
6169 5926 
9025 5065 
4319 9041 
150 5305 
8789 3671 
9357 8131 
6901 6632 
3990 3134 
8340 9153 
2083 5280 
3315 9092 
2432 1330 
8255 3195 
8394 4004 
3287 6528 
7045 4518 
8341 6834 
1778 2885 
9271 77 
2138 1895 
118 6826 
5274 6624 
2322 7991 
4469 4206 
1146 7648 
5072 4137 
2699 698 
3316 8868 
6994 4651 
7584 5680 
9218 3682 
3802 153 
7986 5038 
8906 7746 
9559 4284 
8587 9377 
597 2137 
3352 1084 
7875 4818 
9248 6820 
7901 4949 
6408 1003 
2141 2129 
1752 6831 
4936 272 
6569 5353 
8322 590 
6512 1487 
6989 8724 
3884 8895 
6217 4446 
1719 5628 
5022 6063 
2734 5569 
8692 1912 
1993 582 
5266 2084 
4399 209 
6247 4862 
8995 7639 
4929 7290 
8244 2583 
5021 4205 
1098 3711 
9503 3382 
410 6329 
7625 31 
1177 2611 
7311 8157 
6927 1326 
4881 2076 
7297 6263 
6063 1683 
6450 7570 
6714 9295 
1152 7228 
5162 3120 
3614 5177 
5724 262 
9387 4099 
9585 6754 
5331 1512 
8725 7357 
7415 5536 
6956 4647 
8663 4245 
8549 3024 
8305 840 
4205 9044 
1077 937 
7916 8889 
7359 4771 
4543 703 
5828 4549 
2027 1159 
1852 5896 
359 2372 
9211 7825 
8377 343 
2447 8902 
5077 1713 
1869 5311 
4 3420 
1980 2425 
3641 6028 
892 6235 
3269 1342 
8387 4508 
6988 6883 
5511 7697 
4348 608 
3401 6586 
5773 6548 
6943 9013 
345 2472 
6354 4214 
1159 4939 
6679 8465 
8261 3393 
4117 9022 
6361 6070 
4348 6942 
2540 4222 
4022 6323 
8836 5702 
9490 3730 
2954 9412 
8762 778 
8682 2873 
9278 4991 
8831 2060 
7898 8914 
7747 9516 
5569 7963 
3368 5787 
1331 7161 
5811 4319 
263 4458 
4788 7434 
701 5336 
3253 340 
978 547 
7955 3288 
1939 7842 
1444 7534 
8254 8108 
6281 1205 
1945 8357 
169 209 
1547 5589 
1196 4714 
8538 9554 
1744 1434 
9453 8472 
7375 1199 
8110 7561 
8993 2863 
8143 7490 
5317 6070 
8720 4728 
8578 133 
6778 5041 
564 606 
4895 7254 
5927 3225 
7785 7597 
6790 4871 
5554 8485 
6173 2203 
6453 3941 
9507 2029 
8426 1918 
4216 1085 
4184 8298 
7205 505 
6023 8202 
6089 4220 
3519 514 
6545 1015 
1141 730 
2734 6119 
79 5917 
3849 3602 
7510 7166 
1211 7187 
2806 1051 
2295 5012 
6209 6464 
660 7461 
7043 5763 
66 8778 
7370 6549 
5782 2128 
4007 9376 
3808 2331 
5555 3034 
8056 7736 
301 4541 
3305 4039 
1404 2823 
6729 5130 
9555 5438 
9264 1915 
3099 3494 
972 1151 
3980 4974 
5916 4909 
169 9559 
4233 8849 
2848 9128 
4514 4750 
8286 2106 
9005 9143 
1652 5904 
3274 8889 
2732 6820 
63 125 
5165 3913 
3341 6979 
2545 2224 
1637 7502 
282 3629 
6604 1590 
9410 7168 
4223 1969 
6015 8682 
249 9536 
3148 4102 
7898 6856 
370 4980 
2791 1235 
4843 2373 
2252 8459 
1843 7465 
5090 9136 
183 43 
7800 8479 
3090 8809 
3189 5210 
7306 8228 
755 6171 
7539 3167 
6334 3761 
2109 547 
3957 1248 
1524 4165 
5092 4449 
1623 202 
2543 2525 
9177 7684 
238 525 
8252 1110 
391 3329 
648 5105 
8207 3389 
3986 5130 
671 7607 
6075 1062 
9118 1434 
4554 6626 
1275 2467 
4967 1196 
7290 5253 
976 3631 
4344 3291 
2943 9396 
8478 8033 
4336 7643 
5496 6048 
5209 1730 
4550 1859 
186 2577 
2599 5194 
9022 7023 
4374 7169 
7997 5155 
6364 7414 
6987 9461 
8049 2111 
6857 2598 
6488 1226 
1669 7199 
9103 168 
6584 8021 
746 7332 
2933 8203 
2927 7554 
2613 7737 
5610 2649 
1910 4247 
7472 7464 
6629 2263 
2559 6579 
8770 1069 
4769 1594 
7326 5217 
834 7444 
8874 9298 
7095 6163 
3872 3765 
582 4387 
2103 5092 
6444 7149 
7909 175 
9547 1948 
1896 3771 
6122 1311 
904 4842 
8065 2657 
67 6572 
647 7282 
1521 1053 
7557 4975 
4260 6727 
3444 8509 
6822 7888 
5935 6811 
4554 4902 
3145 2759 
1576 8308 
5229 6094 
8552 6544 
5712 350 
3748 7026 
7121 1169 
4274 3475 
4207 3904 
7213 8604 
3750 5598 
4718 6804 
3843 1079 
6117 3037 
9496 5443 
5192 763 
6440 3414 
9516 9055 
7966 7234 
5684 3942 
5776 7026 
5639 8228 
1249 7103 
2617 6057 
3511 6369 
8143 4181 
1915 890 
8096 8665 
8787 5756 
2155 7428 
2658 2160 
8989 3246 
2154 3682 
1046 4357 
1011 9014 
6158 6149 
1675 7275 
201 1561 
1665 6049 
439 2635 
2290 5309 
5786 5792 
2951 8250 
9201 5544 
7428 6718 
2317 9049 
2290 2927 
7537 6593 
103 558 
1343 4642 
4066 9562 
3743 1466 
347 6377 
5124 732 
1670 6189 
647 1735 
8016 716 
8918 7426 
7267 2224 
1461 6381 
4485 9322 
1117 1792 
5131 7717 
5792 3370 
2249 3283 
5195 9411 
6399 6173 
1327 8400 
8041 1756 
1400 6720 
8222 9032 
4609 2761 
5796 5046 
6804 3505 
7139 5559 
6739 2348 
2169 8222 
8564 2299 
4376 1599 
7855 1049 
3229 9346 
134 7806 
5109 5073 
7472 200 
2533 4662 
5303 6286 
8569 1555 
5870 6304 
5669 9403 
975 8474 
3147 1166 
9307 1954 
3827 222 
6055 3422 
1429 6639 
2730 7301 
6009 5851 
7853 8920 
622 2256 
7706 1541 
410 1368 
1897 9249 
8424 2231 
5037 7841 
702 8312 
2549 6823 
5762 4755 
8838 3808 
7487 3959 
2058 2406 
2383 741 
3984 91 
6513 5141 
7300 2555 
2569 505 
3267 8625 
7239 1722 
1415 9579 
1067 4425 
597 2136 
6585 1201 
41 7548 
2156 1030 
3585 7859 
9094 2374 
1039 7605 
3956 2197 
7279 7942 
3063 6389 
7992 6720 
6002 9469 
3168 7631 
482 9236 
4711 5013 
3809 8369 
2942 555 
9362 5468 
9492 6713 
2483 7580 
5957 2581 
6598 5700 
8093 8406 
2541 3009 
9383 2491 
9276 6803 
1931 8754 
8865 9301 
9396 4505 
8358 691 
4492 8441 
8306 4705 
3259 1053 
3695 3738 
1472 570 
3216 8631 
6170 8437 
7000 9287 
3691 8684 
4115 362 
1584 275 
6323 801 
4855 5318 
6783 8781 
3940 6333 
4548 7381 
24 851 
6261 961 
8554 7877 
2354 4392 
6151 3906 
1018 1658 
628 7239 
9425 6498 
2283 1672 
5758 9533 
6055 4454 
5922 6293 
8223 3138 
1190 7572 
9501 7134 
8959 3578 
9306 6615 
941 7113 
688 115 
4986 3836 
2167 9112 
3273 8821 
9101 4093 
915 1873 
3304 4162 
2387 1557 
4034 8481 
1883 6676 
2399 1681 
578 5995 
6703 6101 
8733 3232 
7191 8801 
1454 9007 
9504 143 
2342 8647 
8466 5451 
2512 982 
4752 7137 
7573 9268 
6052 6973 
875 9246 
4769 788 
1713 9024 
3866 7912 
3887 4567 
1704 4065 
8600 7373 
1038 6546 
993 926 
6345 7923 
1813 1028 
6869 6719 
3870 5153 
6940 1869 
1041 3576 
5230 2878 
3168 4083 
5166 1192 
499 8292 
2880 3136 
9279 138 
8624 5337 
5019 7850 
7967 1525 
1141 2291 
1448 7485 
8834 8699 
6667 3776 
8714 7501 
834 1064 
6763 7595 
6729 3527 
1989 4262 
4245 8418 
9170 1348 
3675 5299 
6168 4538 
6831 5742 
1879 8137 
1908 5450 
2609 1958 
3520 9461 
8760 5642 
8686 8454 
2206 8251 
2759 6986 
8661 1639 
2140 7482 
1577 8617 
1152 1573 
4272 8339 
8544 3473 
9395 7800 
2463 1328 
2204 4701 
3639 5685 
6985 5397 
4730 367 
8524 1576 
6261 6656 
5344 9004 
2797 9337 
2079 5432 
1247 3985 
726 4480 
3947 5114 
970 2733 
7581 5173 
1633 2648 
8524 8315 
4041 4918 
7312 2480 
4535 5578 
8614 7686 
3851 175 
2768 6182 
7513 8524 
8044 9504 
6251 2049 
709 6757 
6271 8352 
7471 1322 
8853 7006 
113 5981 
2345 5927 
2563 8007 
1986 4046 
3618 7123 
1320 1813 
8496 287 
7348 894 
2975 8720 
6459 5020 
2666 4668 
6904 422 
723 4239 
9256 6537 
7143 5933 
752 8220 
5484 5765 
5365 8618 
70 7840 
775 1396 
1094 8065 
4298 8657 
4979 2995 
7901 4629 
3560 5862 
1920 6909 
5729 1516 
8747 742 
633 1423 
8512 388 
762 3231 
5125 2423 
2064 238 
5389 2748 
9503 8241 
77 8058 
4256 6845 
5347 7422 
8679 924 
9393 4613 
5638 6077 
9121 4698 
4439 3467 
1766 6314 
9087 9567 
1040 2902 
9005 8751 
506 3535 
5602 6293 
6683 7852 
1365 1508 
9514 1228 
4841 841 
2077 4967 
6088 7226 
7662 9149 
3251 8575 
5836 768 
3877 465 
1839 597 
1060 9294 
1971 3551 
7280 9509 
3174 6800 
6049 4422 
8582 2107 
1684 4389 
3453 3111 
1569 1076 
643 5265 
588 6494 
5805 6629 
8993 1887 
9173 4590 
4410 5771 
2844 3766 
8921 5406 
4001 5048 
832 6918 
2488 2539 
3187 8216 
4324 8896 
5187 264 
4429 267 
9409 9456 
2088 4002 
6974 9471 
5391 713 
3444 6383 
6444 4709 
1058 139 
9533 6536 
2067 5429 
5632 278 
6655 5833 
4299 5477 
7820 709 
451 265 
7101 4171 
9571 7120 
1587 1696 
3724 5676 
4466 198 
4254 3653 
1161 5126 
5064 9573 
4491 1657 
1325 6401 
254 935 
2660 1155 
2776 2677 
3385 4831 
8020 8692 
7832 2557 
8596 6910 
95 1982 
3320 2257 
8969 3172 
3182 4153 
441 2468 
7010 6449 
3539 428 
3428 1841 
6954 7881 
7228 5670 
3909 1062 
513 313 
30 1934 
6093 4385 
2824 8241 
7645 2988 
93 199 
18 1985 
7709 8666 
432 5367 
1045 942 
2304 6831 
6787 3922 
3538 2956 
314 279 
5984 7460 
5681 4498 
7456 228 
1100 6038 
5506 7262 
3491 795 
7716 5350 
3466 4033 
7255 4284 
261 4758 
353 3645 
7706 3229 
5893 7864 
4785 4966 
1117 4388 
2292 8501 
6416 9375 
1860 5052 
43 3421 
4590 2528 
3929 3424 
1820 523 
2208 4301 
7924 1630 
1303 3825 
2947 4834 
9387 7286 
7075 1727 
4682 7681 
4599 8799 
538 281 
6690 8955 
7706 7082 
5042 5817 
4028 6786 
4556 700 
1220 6837 
6176 2856 
9401 2457 
2917 6976 
1379 5417 
768 7537 
1224 7668 
8389 2256 
2485 1741 
3440 4744 
4387 1835 
6026 6014 
1692 4932 
7505 1781 
9114 1431 
3323 7913 
741 149 
4706 1855 
7790 8166 
7558 6222 
461 8165 
8009 6483 
3285 3671 
4969 8921 
5501 3326 
3068 1040 
2159 8905 
8153 5352 
262 491 
2477 904 
8671 7933 
2220 6293 
5349 3315 
3993 3659 
5360 2629 
4822 7359 
2698 9047 
7041 3215 
743 9130 
4765 6927 
6375 4791 
3573 6251 
5000 4984 
2923 12 
4279 869 
2648 3817 
7132 380 
3605 9157 
2610 8465 
4644 2119 
81 2961 
8562 362 
9239 4090 
9541 8152 
5348 8809 
6217 5904 
9215 8174 
6707 6018 
8870 283 
8133 6656 
3043 2840 
4826 4134 
7727 346 
5087 1137 
5842 7830 
1027 7350 
6281 9427 
4556 6191 
7541 3268 
2656 5166 
9278 5417 
3393 8379 
8285 8550 
5345 5587 
7623 5547 
1080 2207 
3188 8792 
7550 3720 
1194 1326 
4769 4849 
5094 4549 
3022 7389 
4973 2894 
5075 7457 
133 1997 
8755 7582 
714 290 
242 5360 
9067 1487 
4575 6115 
4629 2279 
4695 2974 
3170 5184 
6039 3607 
807 356 
2634 3577 
3432 4570 
6711 1362 
46 1884 
7416 7250 
4779 6039 
926 334 
4261 3375 
4496 5836 
1270 2301 
2254 5568 
8500 2603 
6049 53 
5018 5613 
5658 6596 
8008 1254 
4586 8460 
7668 4508 
4821 507 
4700 5262 
1946 6201 
5495 4110 
7847 6527 
1609 8167 
774 1805 
26 4345 
6260 3600 
4103 334 
1905 3846 
6510 1171 
9121 3266 
4554 5966 
8952 3716 
4451 1766 
6893 472 
1971 3999 
9556 7078 
1394 2855 
55 45 
4363 9177 
4010 4911 
4958 5471 
942 6505 
1409 223 
6902 2434 
6307 1 
1153 9013 
221 6994 
122 2156 
3645 2751 
6370 3716 
8732 6403 
9314 9218 
5271 3988 
9211 422 
4596 8290 
7108 637 
4900 8780 
6506 1299 
1595 4427 
7070 7780 
6881 7210 
6064 1047 
3532 7986 
1420 3261 
6577 8779 
2675 9417 
8822 5035 
340 3079 
2957 6252 
7913 5496 
3437 6764 
5342 6486 
5634 8897 
7418 5399 
464 1519 
8402 3935 
69 4679 
1031 1894 
1405 4397 
1945 6522 
5912 3516 
2183 1107 
8889 2431 
1130 1743 
5750 2743 
7471 9443 
3967 4795 
4727 7293 
7326 9521 
4149 7660 
5062 1505 
3144 8143 
3926 463 
5454 8390 
6720 562 
3396 5397 
940 5482 
7885 2467 
8628 1258 
448 8010 
829 4227 
6976 8415 
6632 9324 
1261 3143 
5403 3669 
7518 2025 
9265 90 
965 5981 
1743 4054 
1939 4569 
8064 1242 
5432 3147 
6405 8950 
3259 6784 
371 3321 
6279 1969 
7769 8870 
793 7728 
8659 8771 
3336 385 
8029 2421 
8990 8115 
3532 1073 
5641 8968 
5035 4356 
7494 1301 
3639 4600 
5112 8210 
9067 8132 
9402 6776 
8613 5087 
9158 7380 
2235 725 
6588 4124 
9576 7899 
138 2680 
6843 4856 
1007 6886 
4540 6520 
2516 110 
5861 2449 
5016 9289 
392 711 
4147 1902 
5463 6504 
6260 8417 
4013 1070 
2653 144 
6037 2322 
4694 4896 
3231 2458 
1722 6985 
9506 3122 
8346 2113 
2982 5393 
1097 3247 
411 3297 
4860 4291 
4019 4653 
7522 2361 
9531 3100 
4171 7651 
2682 8973 
1242 4532 
2457 3188 
451 5802 
9580 9378 
3050 7232 
4637 3898 
2627 2286 
378 2341 
7946 2935 
3265 1240 
1345 1439 
9275 8134 
2725 6083 
8680 7435 
8439 8726 
1671 4957 
4657 661 
1617 5945 
8828 6071 
8670 4141 
1217 6512 
6512 4814 
6776 3111 
5625 5911 
5117 4753 
3192 8305 
7470 3415 
7007 7955 
8001 8087 
337 1279 
3596 9553 
1902 553 
4380 2130 
5355 1210 
9466 2508 
8066 1241 
1543 7960 
1784 5839 
3284 6951 
3083 7332 
1225 150 
8169 1970 
6132 1223 
1728 4222 
3348 3778 
4611 363 
5191 5860 
6759 3299 
4912 3585 
1462 6668 
7350 2420 
4035 2733 
7200 4284 
6946 6819 
1718 4671 
6425 3092 
2048 1121 
8437 6504 
7340 4628 
9283 2764 
5226 8760 
5975 520 
6220 5723 
2869 6893 
2826 6802 
15 1727 
3625 7140 
6672 5973 
2629 5066 
9166 6201 
956 6331 
3628 6502 
4755 3359 
6571 338 
161 1778 
9036 536 
8588 4429 
1902 8476 
1356 4480 
9489 1585 
2171 270 
9273 5411 
6979 8893 
3981 7497 
2754 1904 
7037 6398 
685 1419 
1043 428 
2980 7067 
434 820 
224 2018 
7591 4087 
7073 8755 
8437 6669 
5460 1324 
7238 464 
726 9154 
2066 1691 
6478 1442 
3544 2162 
6867 898 
2543 3802 
4882 7172 
3400 8080 
5414 9158 
7742 4717 
310 4479 
5125 2216 
2016 5350 
3133 402 
3989 3301 
7376 2128 
307 9297 
5741 6073 
5328 3038 
6254 1114 
8356 8095 
7867 8235 
3718 6865 
4857 8094 
6774 4192 
8546 2371 
2944 3598 
4460 1375 
6249 7395 
7217 933 
1332 2324 
4492 5924 
1990 173 
2001 8995 
698 8230 
1348 4866 
9311 7786 
9287 1424 
6421 5636 
3337 528 
2459 415 
2940 7385 
5429 9489 
6750 2438 
1379 7010 
3247 1575 
2744 5342 
3102 1556 
4999 617 
6983 6904 
3747 396 
6729 4838 
8914 3282 
4159 3100 
7608 9147 
6344 2821 
1952 6505 
6216 6516 
6637 7484 
5447 6579 
1210 6575 
4677 6633 
2101 704 
6752 3803 
4917 313 
6137 1501 
7985 550 
7045 6694 
900 6154 
7934 4711 
2637 9416 
4637 8715 
8977 7656 
2532 4117 
3391 504 
2180 2206 
6873 3992 
1572 7721 
4003 63 
2435 4564 
1600 7717 
1127 6277 
6675 3589 
2145 9381 
3034 7757 
8558 399 
3169 2055 
4950 3996 
8845 7363 
6254 3104 
204 672 
3121 5749 
2895 9191 
2726 2217 
5512 6142 
5502 7595 
2339 9581 
9494 2932 
1825 8563 
5786 3783 
8915 9520 
1706 1110 
7909 6817 
8253 8369 
3215 6795 
3212 3460 
6665 3756 
4375 1123 
5172 3392 
4495 8373 
3065 1577 
9298 6304 
7416 8658 
3824 6283 
7286 653 
6524 9370 
6777 9561 
2233 7243 
7027 5453 
4366 8474 
4193 8604 
6960 3703 
1113 8323 
3747 7561 
7287 3242 
7065 7416 
1463 7648 
330 4393 
721 4289 
3202 6704 
9149 4551 
749 5448 
7012 313 
4779 8006 
7104 1943 
1236 1702 
3472 6634 
4098 9200 
818 2569 
8697 9585 
2007 1047 
4150 2884 
2986 1814 
252 1467 
1925 6953 
9361 181 
5772 3166 
1857 2692 
4246 3880 
4000 4638 
6125 2011 
7801 6506 
3291 5006 
6449 4209 
7834 3076 
8450 475 
7884 6764 
363 1960 
4225 863 
1604 3900 
2416 3885 
7061 7250 
6351 7257 
6358 1757 
8755 1566 
7478 9029 
654 1040 
5181 8704 
5924 9556 
3128 6527 
2812 7894 
9387 2350 
6881 3017 
3948 9301 
2825 5694 
5831 6378 
651 2723 
7119 3497 
4385 1963 
1289 9553 
8679 8163 
7628 9020 
275 1250 
7005 4547 
6284 3688 
6551 4619 
4650 4512 
8270 9439 
3558 7727 
6011 8056 
4775 6249 
179 6084 
2747 6310 
866 8604 
7794 2224 
529 6301 
8255 8666 
9014 5996 
696 7749 
2416 2331 
1366 5743 
6231 3490 
3409 9201 
2284 7452 
6222 3793 
7849 9276 
1780 6735 
9285 441 
8245 766 
5897 7772 
1687 5102 
538 8317 
1623 6263 
472 7814 
6241 3473 
4090 4174 
7696 101 
7254 4814 
207 4028 
6571 1723 
7482 2673 
2981 281 
4267 2236 
394 6254 
5756 8980 
3545 6238 
3228 7943 
2523 4117 
3127 3319 
8707 3485 
7882 9109 
8516 4985 
3834 1304 
4635 2120 
4188 2909 
220 5451 
3710 3306 
9195 6385 
1553 9503 
1179 9093 
6169 8233 
3552 8552 
5951 5065 
103 9169 
9527 8236 
2231 2452 
9365 3808 
8352 4351 
8775 5887 
5164 8265 
4941 3989 
804 2143 
6907 1902 
95 513 
1676 5729 
7326 3630 
1888 5121 
5129 9133 
2522 5282 
7237 7115 
9374 8582 
9449 2067 
5618 7124 
8760 8964 
3508 7092 
5360 3268 
3611 9544 
7391 7396 
3553 1739 
3010 7674 
8216 8494 
8863 6090 
571 6446 
8466 6908 
4248 1441 
18 8760 
6577 6301 
8296 2255 
4573 695 
3265 6629 
8657 8265 
5085 5903 
4185 8637 
5139 7285 
7743 5224 
1100 8510 
5107 7650 
799 2028 
2233 5504 
4975 5147 
3261 8249 
6296 2974 
7778 6100 
659 2622 
3819 9437 
