430 5864 
180 371 
86 183 
20 403 
162 54 
312 315 
207 212 
25 424 
404 390 
236 280 
194 41 
41 377 
148 98 
335 401 
412 269 
81 3 
202 3 
129 84 
104 365 
427 112 
65 252 
365 194 
104 173 
19 34 
111 304 
261 230 
136 304 
155 395 
134 21 
151 394 
402 237 
65 104 
319 87 
59 82 
21 353 
18 282 
150 210 
220 63 
401 314 
3 68 
224 55 
345 405 
168 187 
259 332 
215 51 
174 272 
372 183 
101 91 
215 60 
159 333 
279 386 
241 311 
33 315 
61 35 
298 146 
425 191 
60 85 
193 189 
185 394 
94 207 
196 80 
88 114 
211 162 
192 239 
46 300 
338 289 
277 5 
102 196 
0 320 
373 20 
50 185 
36 141 
317 164 
72 214 
422 46 
394 218 
318 406 
411 260 
230 63 
13 1 
149 171 
239 47 
103 90 
305 4 
354 348 
389 122 
247 208 
289 129 
242 138 
400 143 
346 20 
105 372 
244 337 
313 335 
187 302 
1 408 
345 46 
360 376 
96 344 
425 116 
244 214 
367 263 
346 166 
37 43 
42 159 
103 11 
372 274 
248 203 
414 112 
210 0 
43 4 
235 302 
352 211 
371 380 
365 182 
85 111 
360 114 
272 59 
363 60 
249 66 
249 377 
210 163 
106 215 
200 350 
11 73 
122 253 
277 178 
195 330 
346 107 
64 374 
411 423 
347 204 
80 290 
199 250 
173 419 
16 151 
67 297 
252 350 
172 48 
312 219 
74 253 
330 168 
424 391 
325 158 
73 211 
15 10 
51 366 
292 354 
265 390 
224 169 
314 341 
249 200 
133 126 
329 334 
149 388 
349 426 
179 424 
334 198 
279 154 
396 281 
83 343 
146 319 
191 340 
77 65 
147 136 
343 222 
132 33 
285 127 
284 220 
107 81 
411 274 
106 115 
77 311 
246 353 
331 161 
220 131 
111 207 
347 254 
355 195 
256 26 
67 305 
295 312 
170 267 
267 347 
244 156 
401 307 
3 370 
59 181 
114 290 
76 284 
127 7 
155 20 
55 349 
72 180 
341 23 
192 60 
356 189 
288 160 
163 157 
73 277 
314 428 
285 266 
85 207 
212 53 
411 18 
416 282 
236 45 
427 102 
254 342 
198 146 
229 86 
213 277 
309 350 
100 318 
54 227 
185 418 
116 204 
5 51 
176 320 
153 162 
382 411 
363 290 
56 116 
312 56 
26 56 
277 116 
101 178 
92 71 
45 187 
166 262 
246 291 
422 244 
103 333 
9 21 
299 99 
72 119 
398 250 
95 428 
282 326 
229 153 
206 426 
193 371 
378 353 
349 326 
219 207 
314 320 
176 3 
163 165 
85 193 
69 101 
281 70 
227 326 
347 20 
408 353 
15 16 
70 183 
278 228 
374 292 
144 99 
95 96 
13 45 
371 275 
159 53 
252 340 
40 331 
285 92 
359 162 
116 40 
29 115 
8 119 
252 39 
238 204 
175 167 
286 399 
396 37 
352 15 
150 40 
366 175 
421 395 
60 364 
418 168 
347 310 
56 282 
111 421 
18 314 
370 19 
259 425 
112 393 
294 414 
186 188 
196 273 
289 60 
257 269 
274 427 
186 191 
163 225 
347 226 
181 37 
207 166 
30 412 
86 396 
203 73 
266 206 
343 27 
416 109 
331 198 
424 213 
393 364 
218 172 
34 155 
61 395 
200 385 
166 361 
229 74 
178 392 
229 172 
348 291 
310 190 
45 224 
376 212 
175 135 
410 350 
222 73 
418 60 
204 170 
274 231 
161 93 
367 187 
110 206 
378 93 
138 349 
157 41 
100 96 
289 77 
164 233 
319 429 
80 120 
30 184 
238 6 
110 136 
391 237 
40 238 
406 21 
160 208 
398 105 
180 328 
335 114 
389 232 
153 108 
61 155 
10 34 
157 406 
241 76 
371 148 
349 250 
129 375 
404 32 
57 90 
408 88 
343 307 
379 334 
343 1 
284 413 
197 228 
266 326 
405 18 
98 272 
69 63 
395 7 
237 293 
110 379 
386 159 
349 90 
345 227 
251 6 
41 148 
97 169 
10 138 
40 240 
162 195 
160 370 
421 126 
358 190 
89 368 
66 138 
24 173 
80 280 
171 99 
121 356 
337 0 
415 303 
148 328 
271 388 
97 142 
293 227 
215 280 
398 273 
188 372 
359 282 
144 50 
228 44 
91 48 
347 223 
106 288 
409 100 
70 80 
383 283 
200 58 
161 415 
376 256 
300 210 
282 13 
131 369 
127 61 
100 308 
94 197 
356 392 
45 418 
39 421 
281 9 
388 249 
90 145 
408 110 
55 104 
128 268 
225 175 
382 309 
78 340 
96 216 
295 41 
79 83 
148 245 
177 187 
12 59 
392 200 
419 189 
70 205 
407 220 
92 110 
389 223 
331 59 
318 86 
372 254 
409 368 
339 152 
284 134 
279 167 
126 199 
192 412 
141 171 
386 372 
35 246 
45 219 
310 133 
269 298 
75 243 
77 257 
357 119 
299 291 
178 156 
8 177 
266 415 
205 293 
248 265 
386 3 
422 287 
237 95 
415 369 
327 34 
187 363 
389 138 
306 415 
256 403 
206 160 
369 208 
81 90 
308 422 
342 66 
152 149 
102 147 
261 195 
376 198 
321 71 
376 26 
262 363 
183 73 
282 103 
179 58 
192 146 
167 27 
89 23 
267 33 
79 57 
387 386 
237 263 
388 380 
283 188 
339 19 
129 395 
50 226 
404 12 
198 26 
323 386 
102 91 
101 232 
211 75 
36 269 
166 198 
228 409 
208 380 
245 249 
258 53 
414 65 
148 302 
278 405 
279 327 
237 242 
291 234 
274 145 
190 191 
89 19 
39 194 
353 362 
87 369 
333 384 
140 291 
410 352 
239 207 
197 195 
168 391 
27 203 
300 283 
72 69 
294 367 
340 178 
348 288 
334 149 
254 321 
226 136 
52 168 
250 260 
45 36 
151 89 
46 375 
193 136 
124 147 
281 386 
86 104 
109 120 
152 113 
224 23 
260 92 
257 151 
220 391 
357 195 
326 364 
292 132 
168 84 
40 409 
122 237 
186 386 
392 361 
403 199 
236 283 
58 327 
263 73 
73 23 
332 137 
239 148 
143 222 
10 10 
347 328 
239 37 
164 42 
166 86 
111 295 
88 96 
399 334 
335 196 
131 238 
334 302 
411 188 
231 270 
327 386 
395 92 
257 422 
249 22 
33 28 
71 75 
162 241 
192 232 
140 1 
306 259 
153 139 
406 152 
339 46 
143 385 
58 68 
31 325 
9 324 
227 366 
343 330 
178 410 
92 33 
20 241 
235 137 
42 293 
315 193 
81 41 
88 303 
59 55 
274 383 
217 221 
102 245 
109 168 
377 67 
373 216 
419 27 
404 396 
113 89 
154 83 
320 144 
229 182 
34 185 
76 412 
252 338 
22 284 
153 409 
341 199 
129 327 
156 69 
301 0 
269 311 
111 110 
181 310 
301 150 
207 240 
137 418 
72 253 
82 10 
186 214 
223 182 
197 154 
324 400 
304 196 
221 184 
20 353 
253 278 
318 427 
252 72 
6 412 
142 175 
209 12 
157 428 
384 194 
185 181 
183 268 
213 163 
425 275 
71 227 
393 211 
85 164 
69 331 
212 50 
159 190 
403 229 
354 145 
208 170 
313 370 
419 355 
363 110 
50 91 
304 281 
198 79 
178 259 
42 174 
50 110 
45 56 
369 178 
134 170 
111 186 
95 138 
403 260 
92 309 
361 277 
175 3 
423 24 
217 151 
384 183 
266 121 
202 393 
350 173 
65 191 
123 11 
206 357 
251 282 
265 104 
293 146 
250 154 
295 417 
342 219 
182 344 
202 280 
24 420 
289 28 
247 126 
411 71 
153 175 
370 320 
72 7 
418 30 
177 399 
2 160 
268 186 
143 202 
226 356 
328 14 
43 121 
135 14 
123 30 
156 91 
82 2 
359 20 
50 116 
190 117 
160 37 
345 106 
222 257 
56 348 
55 83 
262 399 
0 321 
2 225 
80 331 
124 374 
77 205 
262 277 
403 167 
3 46 
228 394 
196 12 
180 238 
170 171 
28 393 
417 301 
75 297 
49 338 
122 73 
154 79 
83 381 
172 188 
330 135 
225 124 
336 376 
221 383 
158 208 
266 51 
89 235 
151 423 
10 416 
98 36 
407 411 
253 239 
129 73 
207 293 
46 223 
332 304 
299 237 
344 361 
396 217 
301 374 
223 339 
205 35 
343 45 
20 91 
153 63 
11 38 
192 94 
319 386 
69 233 
249 107 
82 179 
333 341 
247 255 
279 317 
49 343 
240 304 
81 323 
219 157 
362 173 
194 310 
340 130 
422 64 
315 389 
201 307 
160 22 
221 419 
167 147 
59 420 
222 117 
40 340 
375 84 
87 119 
144 229 
324 399 
303 213 
195 198 
350 142 
340 236 
340 361 
427 18 
105 401 
305 16 
180 179 
221 215 
68 59 
111 4 
161 422 
322 321 
183 383 
243 185 
347 413 
303 320 
409 332 
66 396 
288 70 
149 361 
151 198 
73 415 
26 199 
52 327 
215 127 
6 237 
340 139 
290 414 
222 170 
154 344 
263 246 
187 78 
247 25 
230 122 
86 172 
174 350 
145 85 
178 256 
74 135 
384 108 
102 166 
383 370 
395 11 
355 57 
167 205 
16 20 
16 310 
307 37 
231 421 
360 275 
177 203 
119 151 
268 208 
16 117 
402 109 
2 259 
330 127 
143 16 
410 60 
63 36 
223 277 
179 117 
41 422 
166 288 
369 402 
98 19 
175 169 
98 115 
266 94 
153 232 
326 154 
410 115 
425 334 
309 355 
213 134 
93 341 
274 84 
43 406 
247 360 
261 66 
40 248 
416 222 
68 223 
69 49 
349 278 
228 248 
332 96 
79 319 
140 29 
355 44 
141 415 
333 48 
80 340 
222 266 
23 315 
189 180 
333 253 
210 338 
240 291 
189 332 
235 395 
324 195 
119 115 
162 396 
208 159 
341 104 
207 208 
68 140 
282 196 
0 223 
305 139 
425 103 
283 287 
364 396 
45 106 
426 130 
138 386 
337 405 
220 401 
386 73 
397 281 
367 207 
376 11 
416 252 
241 157 
45 108 
224 388 
93 1 
245 45 
255 209 
322 92 
294 380 
271 55 
228 58 
347 271 
139 323 
351 96 
158 36 
84 221 
376 411 
378 310 
5 166 
228 347 
192 132 
80 21 
186 107 
82 266 
301 85 
54 125 
168 282 
140 45 
28 196 
9 129 
256 276 
401 341 
132 248 
168 131 
164 73 
284 283 
48 262 
299 66 
188 71 
331 303 
72 157 
426 12 
406 413 
379 103 
120 377 
221 61 
200 168 
111 243 
396 116 
41 289 
2 266 
345 114 
182 117 
3 200 
176 93 
246 411 
153 280 
395 221 
37 242 
210 203 
52 353 
89 14 
344 38 
126 208 
408 197 
176 89 
182 78 
166 231 
304 68 
136 34 
135 120 
110 328 
323 69 
94 307 
116 276 
214 370 
31 371 
8 304 
9 47 
327 265 
416 390 
256 5 
223 52 
143 258 
202 361 
216 142 
86 313 
129 126 
294 266 
410 32 
403 419 
199 9 
391 212 
210 261 
403 376 
285 165 
102 35 
282 384 
282 263 
42 104 
120 186 
13 189 
264 326 
256 261 
342 278 
124 193 
175 284 
82 157 
238 223 
151 361 
306 3 
87 289 
68 98 
196 259 
36 409 
355 234 
97 70 
412 259 
88 188 
196 254 
387 209 
349 255 
101 369 
359 317 
66 262 
303 94 
290 304 
72 314 
161 388 
129 47 
81 339 
102 227 
197 133 
253 9 
301 315 
421 182 
97 322 
383 170 
213 241 
181 60 
1 396 
134 349 
309 43 
208 164 
151 409 
414 198 
276 303 
181 188 
74 291 
230 255 
280 356 
232 416 
276 151 
24 245 
73 376 
112 33 
375 295 
245 390 
265 301 
71 313 
40 181 
266 231 
218 65 
243 205 
401 390 
101 190 
231 179 
239 275 
329 385 
2 83 
379 126 
99 45 
287 316 
301 243 
255 357 
309 127 
86 174 
403 83 
230 69 
157 143 
395 147 
381 357 
301 319 
334 394 
11 228 
101 234 
343 146 
374 266 
386 145 
91 299 
94 300 
39 345 
77 364 
421 103 
349 420 
292 70 
368 219 
329 327 
180 419 
286 7 
256 122 
123 66 
190 13 
403 262 
262 126 
222 48 
383 200 
345 150 
57 255 
154 132 
109 97 
62 293 
371 161 
330 387 
74 401 
252 30 
247 230 
302 427 
378 3 
203 200 
344 100 
207 121 
2 202 
109 17 
23 177 
246 269 
312 34 
419 61 
193 170 
192 400 
205 231 
267 288 
33 429 
72 250 
391 354 
46 78 
205 222 
297 6 
232 350 
219 39 
203 88 
103 99 
396 17 
82 202 
260 111 
333 317 
271 138 
296 209 
148 92 
1 366 
76 255 
37 321 
30 285 
115 182 
318 278 
70 329 
216 413 
173 100 
331 426 
87 402 
233 191 
143 377 
402 60 
44 411 
376 287 
378 194 
267 414 
309 121 
306 215 
175 63 
320 313 
415 221 
403 92 
419 98 
63 123 
382 62 
7 391 
150 297 
161 40 
287 269 
425 119 
171 316 
426 390 
174 26 
335 269 
14 7 
221 363 
281 256 
283 256 
337 25 
160 157 
148 152 
142 416 
152 189 
359 368 
296 132 
414 414 
394 8 
360 222 
295 145 
189 71 
203 188 
224 187 
383 163 
79 17 
109 60 
224 81 
61 314 
162 249 
154 261 
21 313 
378 295 
290 40 
390 345 
59 368 
88 55 
20 117 
378 260 
393 87 
384 112 
403 59 
38 54 
8 418 
333 19 
213 260 
21 301 
116 246 
293 179 
186 208 
133 306 
69 237 
290 2 
111 138 
205 275 
87 183 
17 301 
200 171 
347 37 
290 308 
283 235 
7 110 
402 262 
275 10 
185 253 
155 47 
241 210 
250 267 
31 11 
294 279 
255 286 
261 327 
53 428 
254 21 
200 64 
7 407 
38 425 
215 246 
340 105 
113 43 
295 57 
291 184 
357 421 
329 239 
100 129 
334 203 
422 205 
388 92 
114 68 
76 127 
161 346 
110 208 
354 211 
339 348 
264 16 
157 362 
396 84 
421 68 
215 409 
288 116 
73 244 
227 118 
215 327 
98 251 
287 102 
334 21 
51 353 
370 183 
137 26 
318 345 
422 427 
401 312 
207 158 
100 164 
39 179 
387 76 
46 145 
289 262 
420 98 
87 378 
321 307 
246 59 
292 150 
4 353 
59 243 
224 320 
405 54 
124 5 
73 426 
331 218 
360 416 
389 341 
125 397 
286 375 
404 146 
347 405 
96 313 
161 252 
85 178 
331 429 
378 247 
79 182 
222 147 
401 285 
61 398 
10 429 
364 274 
235 429 
127 386 
337 360 
322 200 
272 298 
2 178 
289 258 
81 110 
368 301 
173 21 
177 408 
411 337 
238 275 
170 122 
44 13 
303 316 
111 360 
362 25 
427 30 
206 423 
302 138 
192 384 
49 109 
280 268 
188 158 
241 202 
186 264 
161 359 
127 189 
220 247 
237 329 
391 6 
115 398 
254 44 
38 264 
238 424 
95 276 
209 267 
114 414 
392 36 
370 14 
209 308 
408 186 
189 136 
119 137 
111 239 
317 231 
94 392 
6 267 
257 391 
111 168 
107 377 
414 428 
13 284 
170 361 
51 197 
335 209 
328 425 
66 282 
233 209 
70 318 
347 188 
93 347 
342 264 
186 174 
149 262 
178 304 
168 243 
170 166 
142 263 
67 141 
158 410 
109 348 
125 419 
10 239 
376 139 
18 270 
279 208 
55 413 
283 327 
45 358 
383 218 
247 425 
45 300 
84 362 
369 58 
365 276 
9 27 
54 392 
336 49 
196 300 
138 341 
346 384 
377 7 
299 14 
115 337 
324 357 
369 424 
356 343 
215 3 
113 23 
222 89 
242 148 
362 34 
395 88 
264 87 
137 117 
34 21 
49 24 
281 91 
5 216 
8 402 
65 132 
342 300 
167 297 
212 364 
249 396 
137 238 
220 280 
26 122 
418 409 
58 191 
57 17 
150 110 
315 349 
209 347 
49 367 
238 229 
332 414 
74 304 
109 151 
48 155 
201 43 
45 85 
72 15 
245 103 
203 401 
418 387 
338 283 
401 118 
366 355 
418 282 
91 139 
269 145 
312 419 
429 167 
349 308 
309 57 
360 327 
152 50 
104 174 
193 25 
382 257 
170 292 
292 246 
342 399 
78 352 
291 232 
109 249 
158 198 
197 142 
41 230 
237 369 
286 69 
261 427 
335 99 
378 152 
188 120 
383 239 
95 216 
109 281 
227 308 
305 52 
130 315 
79 140 
342 163 
307 29 
60 145 
192 246 
100 375 
251 10 
11 360 
329 100 
426 66 
380 282 
319 174 
317 181 
214 185 
419 384 
113 177 
398 135 
319 166 
314 13 
390 362 
162 167 
59 207 
412 391 
371 132 
110 272 
78 423 
209 261 
235 307 
349 198 
232 211 
132 369 
158 3 
120 292 
347 330 
420 159 
145 349 
212 45 
177 28 
37 227 
293 196 
30 331 
245 336 
400 112 
143 195 
271 14 
74 420 
202 148 
416 144 
74 250 
348 388 
221 107 
57 250 
362 199 
58 30 
398 130 
213 76 
308 223 
176 104 
348 164 
385 52 
175 115 
338 420 
35 63 
163 215 
237 376 
30 255 
178 307 
16 138 
178 357 
161 143 
172 242 
175 373 
176 71 
352 137 
388 68 
310 274 
414 327 
196 205 
35 168 
226 163 
17 422 
105 106 
267 175 
214 90 
365 236 
412 170 
317 243 
20 265 
361 136 
22 56 
151 186 
429 293 
28 267 
67 372 
239 407 
191 126 
95 24 
16 178 
374 263 
109 132 
342 247 
370 257 
225 409 
374 327 
290 357 
298 33 
369 428 
260 386 
4 26 
179 84 
410 2 
112 336 
93 189 
16 384 
249 11 
285 14 
110 32 
357 88 
31 119 
120 395 
150 117 
269 306 
148 74 
76 292 
205 228 
376 214 
297 33 
276 180 
63 72 
373 366 
35 104 
253 373 
207 55 
415 1 
113 425 
195 269 
131 107 
368 391 
22 237 
318 286 
396 182 
214 203 
117 148 
247 56 
349 210 
70 428 
127 289 
366 77 
320 336 
428 198 
319 176 
138 188 
304 277 
209 4 
275 310 
427 351 
121 267 
313 311 
415 219 
55 9 
30 256 
191 24 
253 145 
203 198 
10 139 
93 51 
57 124 
193 294 
220 257 
259 337 
415 391 
298 297 
258 401 
378 56 
41 119 
177 81 
343 337 
43 133 
313 302 
160 306 
318 211 
336 329 
362 12 
129 272 
18 278 
72 355 
277 313 
36 92 
71 7 
158 17 
415 46 
295 337 
36 31 
98 63 
214 210 
39 5 
0 153 
162 306 
262 61 
86 49 
422 119 
415 216 
317 342 
220 160 
294 336 
254 240 
61 364 
16 1 
138 318 
218 0 
92 27 
361 67 
185 152 
323 328 
383 371 
254 157 
253 421 
407 17 
21 264 
74 277 
119 165 
321 110 
343 178 
382 119 
175 400 
159 56 
77 57 
352 156 
217 110 
152 374 
358 268 
246 173 
247 193 
167 167 
258 304 
139 120 
167 238 
279 376 
66 4 
167 416 
198 228 
378 122 
183 286 
98 347 
64 229 
96 309 
52 407 
154 385 
405 303 
353 419 
301 373 
24 18 
373 159 
382 132 
225 310 
209 313 
325 296 
321 50 
256 19 
247 199 
28 41 
84 267 
279 286 
243 26 
342 19 
320 92 
212 404 
44 130 
153 240 
0 163 
161 321 
348 277 
154 241 
119 393 
148 51 
10 364 
357 329 
407 281 
170 381 
354 321 
167 207 
424 203 
293 193 
14 415 
91 49 
73 214 
192 74 
359 33 
409 424 
39 365 
312 92 
259 116 
96 301 
126 212 
411 231 
175 341 
270 148 
390 262 
135 232 
202 327 
388 174 
274 190 
18 288 
387 274 
103 161 
277 296 
234 353 
258 232 
29 363 
260 1 
219 183 
271 409 
203 2 
349 415 
143 297 
249 142 
77 215 
408 245 
1 262 
420 175 
61 252 
29 310 
3 415 
381 328 
116 112 
60 21 
391 172 
225 25 
100 21 
307 104 
246 404 
180 368 
386 23 
237 133 
319 130 
244 108 
184 241 
320 263 
212 158 
303 250 
394 12 
136 329 
162 180 
172 210 
63 184 
418 384 
164 247 
115 206 
67 47 
157 180 
99 324 
194 167 
109 295 
239 306 
274 123 
189 66 
17 172 
150 295 
288 208 
118 93 
367 183 
72 190 
194 179 
417 30 
216 359 
178 237 
54 145 
66 98 
327 406 
428 120 
319 27 
12 146 
58 274 
112 50 
12 217 
341 259 
429 145 
180 357 
83 142 
329 51 
122 346 
259 126 
354 131 
10 161 
226 318 
168 57 
278 79 
113 83 
187 360 
294 200 
296 375 
78 243 
46 164 
93 113 
98 317 
83 390 
95 401 
425 17 
361 55 
342 341 
65 123 
260 384 
30 52 
239 158 
164 357 
72 260 
238 58 
386 201 
373 68 
205 208 
66 131 
216 150 
128 212 
169 355 
419 170 
47 295 
429 120 
4 297 
120 385 
89 91 
45 128 
423 71 
392 247 
411 106 
171 286 
90 39 
398 185 
46 84 
279 227 
195 147 
279 323 
373 350 
345 61 
389 391 
224 262 
217 32 
316 369 
37 285 
387 176 
54 103 
348 45 
361 126 
373 269 
330 366 
118 240 
6 206 
375 5 
268 381 
292 257 
267 133 
374 334 
81 271 
123 33 
364 331 
138 20 
333 356 
87 231 
184 3 
305 400 
151 85 
210 55 
149 298 
394 247 
414 255 
306 149 
398 385 
218 191 
172 160 
350 213 
348 274 
302 112 
101 288 
155 179 
386 152 
43 207 
395 189 
34 163 
167 45 
318 111 
10 184 
190 194 
249 333 
5 356 
309 122 
18 324 
409 412 
172 281 
304 4 
143 361 
181 108 
283 285 
124 111 
251 275 
54 379 
388 120 
421 427 
193 270 
337 347 
243 67 
33 288 
421 82 
406 419 
161 214 
181 158 
323 354 
138 410 
84 165 
56 11 
207 1 
127 136 
326 115 
84 190 
100 302 
238 32 
215 49 
177 193 
193 14 
152 181 
194 37 
172 231 
415 139 
179 364 
224 364 
335 421 
116 87 
27 177 
216 154 
285 146 
16 400 
149 139 
92 222 
319 306 
119 67 
224 325 
256 2 
236 4 
297 11 
308 42 
221 12 
383 137 
233 223 
203 170 
329 85 
290 134 
344 360 
138 393 
408 410 
374 299 
263 333 
331 143 
426 304 
11 19 
285 91 
347 359 
227 129 
389 230 
149 424 
224 84 
282 244 
316 280 
191 52 
294 128 
137 15 
7 207 
371 345 
191 158 
193 33 
309 286 
360 3 
93 130 
91 162 
239 123 
60 208 
206 354 
58 387 
122 300 
168 396 
382 47 
322 43 
295 288 
91 10 
40 225 
188 336 
429 134 
276 41 
329 138 
39 35 
226 332 
256 83 
395 283 
158 148 
231 197 
211 320 
346 92 
203 331 
257 171 
378 157 
210 80 
129 102 
291 281 
152 398 
247 426 
154 195 
150 253 
212 313 
259 93 
148 318 
408 409 
334 79 
323 389 
215 302 
286 223 
359 187 
142 31 
240 214 
28 275 
91 22 
209 334 
322 288 
171 164 
95 46 
185 405 
62 257 
364 165 
331 137 
44 34 
390 148 
333 214 
362 154 
384 171 
386 316 
290 85 
426 386 
263 15 
68 394 
239 179 
231 298 
285 167 
429 344 
50 292 
275 25 
131 404 
391 195 
335 5 
284 346 
270 248 
251 404 
248 408 
31 14 
187 229 
80 406 
34 92 
121 143 
88 138 
134 252 
213 225 
276 181 
315 95 
24 235 
219 37 
214 127 
135 305 
344 114 
357 129 
369 427 
63 88 
286 152 
58 275 
101 131 
282 288 
315 178 
291 217 
171 80 
110 242 
97 341 
400 356 
368 63 
52 371 
92 23 
299 26 
420 263 
214 304 
158 13 
178 300 
91 316 
206 318 
331 111 
74 317 
196 299 
415 207 
391 150 
275 107 
402 362 
393 47 
416 237 
343 429 
90 105 
426 308 
128 314 
426 376 
360 48 
90 178 
180 177 
127 172 
314 214 
197 269 
204 375 
188 316 
113 55 
108 216 
265 58 
413 378 
412 415 
405 108 
365 74 
126 97 
96 402 
340 28 
116 316 
23 242 
200 382 
358 195 
345 42 
12 294 
164 320 
367 275 
69 357 
124 185 
264 70 
297 156 
19 337 
76 328 
232 190 
221 310 
392 149 
402 90 
292 11 
56 412 
201 120 
119 402 
422 276 
198 38 
298 222 
330 42 
286 102 
307 78 
323 319 
259 102 
400 182 
386 295 
7 134 
80 184 
89 18 
203 238 
393 262 
140 201 
26 167 
167 237 
52 125 
231 221 
111 46 
19 38 
270 99 
184 71 
162 309 
189 170 
152 176 
257 409 
290 5 
296 190 
338 82 
203 318 
289 293 
414 284 
389 158 
243 36 
125 114 
329 5 
342 55 
109 102 
222 201 
417 272 
342 320 
178 76 
347 22 
405 75 
88 301 
396 113 
200 207 
11 158 
54 377 
382 106 
126 412 
315 211 
309 95 
184 405 
95 210 
231 323 
106 291 
162 252 
164 133 
132 267 
280 287 
379 302 
370 216 
30 228 
226 99 
212 248 
386 420 
104 208 
129 109 
90 127 
403 225 
56 92 
160 199 
394 221 
279 385 
330 396 
311 384 
50 0 
239 57 
222 152 
336 20 
208 4 
180 223 
73 142 
119 141 
199 25 
287 197 
148 14 
30 246 
66 406 
229 33 
192 335 
3 293 
377 46 
331 24 
302 411 
253 57 
367 264 
252 90 
10 222 
115 177 
23 312 
394 267 
409 423 
333 179 
264 422 
376 240 
35 313 
53 201 
128 101 
154 341 
7 95 
399 195 
231 126 
166 91 
21 389 
342 210 
330 236 
46 110 
102 167 
388 100 
383 229 
48 352 
132 381 
349 239 
371 291 
417 220 
298 356 
59 83 
194 166 
261 312 
10 427 
293 274 
174 251 
64 159 
135 344 
160 200 
245 353 
265 323 
367 115 
361 405 
238 9 
227 144 
131 353 
404 148 
97 37 
148 326 
368 75 
233 174 
53 139 
211 106 
228 244 
410 224 
0 135 
309 310 
293 211 
333 342 
193 12 
234 364 
326 189 
106 91 
357 121 
205 134 
231 206 
20 412 
240 128 
424 346 
106 4 
279 329 
106 418 
202 74 
124 22 
205 133 
145 56 
304 161 
290 249 
92 198 
181 263 
213 249 
70 400 
47 305 
22 319 
122 80 
360 6 
292 280 
144 374 
102 135 
94 327 
277 360 
64 155 
219 329 
200 38 
263 25 
182 257 
306 371 
311 300 
54 172 
9 226 
204 96 
88 186 
99 208 
13 79 
98 89 
143 209 
54 369 
83 388 
77 77 
113 376 
17 7 
148 170 
339 179 
416 14 
319 206 
10 278 
28 18 
413 171 
49 417 
352 335 
321 343 
127 339 
57 305 
172 277 
195 129 
48 154 
264 311 
201 276 
297 250 
237 77 
359 287 
188 109 
15 361 
206 1 
62 206 
393 327 
183 128 
160 58 
162 263 
377 151 
150 274 
243 157 
68 109 
173 429 
103 340 
272 20 
356 51 
267 80 
383 35 
206 118 
41 109 
355 85 
218 144 
80 24 
383 378 
117 367 
122 194 
23 48 
201 271 
136 209 
266 381 
140 342 
331 77 
365 48 
326 149 
269 63 
34 45 
139 260 
247 311 
374 244 
263 375 
174 144 
246 237 
86 47 
169 204 
284 245 
167 275 
183 3 
262 381 
167 340 
116 68 
150 58 
96 245 
15 351 
297 385 
288 277 
53 395 
124 8 
377 130 
173 401 
41 121 
195 114 
189 266 
181 335 
398 141 
74 224 
133 422 
354 46 
86 120 
142 88 
285 395 
89 220 
98 48 
375 308 
165 204 
265 70 
379 188 
104 426 
424 193 
252 35 
65 200 
191 211 
188 45 
197 273 
393 210 
14 402 
219 82 
401 112 
64 411 
194 410 
176 26 
106 138 
256 332 
2 17 
164 96 
214 371 
424 408 
17 221 
260 87 
374 349 
380 174 
367 121 
101 321 
421 351 
397 369 
6 247 
42 327 
273 72 
23 55 
71 150 
427 187 
243 335 
99 134 
211 122 
56 100 
260 61 
347 179 
187 329 
289 133 
287 341 
346 67 
250 55 
402 134 
82 393 
143 227 
158 256 
88 416 
379 153 
47 12 
341 67 
68 356 
215 261 
300 77 
11 202 
372 60 
28 394 
416 189 
298 415 
121 52 
168 142 
47 161 
327 323 
69 338 
136 322 
76 259 
96 403 
20 414 
129 384 
317 307 
262 2 
217 68 
188 212 
192 363 
370 249 
40 311 
185 402 
267 395 
197 395 
91 423 
89 137 
338 340 
58 181 
386 345 
364 418 
235 382 
281 296 
284 272 
2 273 
308 199 
22 238 
35 88 
325 338 
120 121 
33 151 
164 423 
62 297 
123 329 
382 9 
126 214 
40 231 
60 87 
170 367 
124 101 
253 60 
43 182 
242 70 
257 397 
81 7 
355 297 
1 227 
59 387 
385 250 
392 424 
307 346 
82 319 
374 168 
134 379 
247 225 
271 416 
0 236 
395 158 
135 393 
17 393 
32 125 
223 351 
43 211 
382 4 
142 371 
220 6 
323 241 
352 316 
281 288 
401 278 
286 6 
174 207 
405 291 
108 333 
206 348 
363 112 
39 321 
171 161 
44 162 
299 95 
185 17 
223 184 
47 270 
305 365 
143 73 
213 262 
351 82 
37 422 
220 389 
162 363 
397 321 
236 33 
190 21 
67 70 
92 335 
345 204 
421 282 
97 275 
104 207 
176 174 
28 56 
37 34 
95 422 
324 27 
0 251 
354 111 
164 149 
190 17 
33 266 
46 33 
73 409 
188 9 
25 420 
3 224 
269 219 
297 26 
125 351 
186 4 
120 143 
133 288 
166 274 
98 12 
277 331 
72 364 
111 219 
362 417 
392 212 
70 358 
237 371 
359 143 
186 223 
298 1 
130 365 
243 392 
314 110 
300 96 
82 53 
305 249 
275 161 
336 309 
156 320 
263 213 
64 219 
228 18 
191 370 
70 326 
36 167 
17 299 
181 153 
393 385 
172 353 
340 109 
49 12 
148 289 
176 124 
71 372 
130 385 
160 257 
198 129 
406 29 
348 251 
58 233 
303 109 
165 316 
276 106 
163 402 
417 116 
6 372 
38 106 
212 92 
11 296 
246 319 
214 156 
279 53 
319 285 
236 32 
243 58 
138 280 
89 259 
36 179 
381 419 
36 163 
400 67 
344 287 
195 178 
337 204 
68 407 
11 149 
213 286 
82 379 
352 193 
403 57 
156 390 
169 359 
389 17 
185 224 
38 298 
66 158 
198 130 
368 386 
155 348 
313 50 
233 373 
185 110 
294 195 
309 189 
302 393 
70 302 
321 213 
104 318 
269 376 
279 76 
166 364 
353 55 
34 373 
188 157 
142 294 
402 239 
412 354 
274 307 
41 341 
245 115 
162 104 
98 279 
99 290 
60 255 
84 31 
302 150 
90 124 
56 60 
94 326 
239 358 
295 95 
235 192 
228 247 
206 294 
366 242 
159 393 
388 13 
418 255 
174 354 
149 426 
361 197 
119 60 
104 259 
214 139 
265 5 
194 391 
300 400 
374 226 
239 324 
386 65 
341 242 
386 235 
234 397 
7 96 
191 248 
104 203 
349 161 
357 190 
363 179 
154 227 
190 324 
96 184 
144 128 
105 413 
85 238 
328 25 
166 305 
292 229 
360 306 
375 4 
257 54 
308 91 
34 115 
321 313 
230 21 
405 200 
52 262 
65 300 
177 201 
150 171 
4 132 
124 298 
322 336 
31 41 
354 371 
133 272 
413 66 
304 73 
12 289 
74 58 
395 93 
319 418 
86 27 
15 267 
386 6 
206 332 
331 236 
19 332 
219 75 
187 313 
102 423 
343 417 
72 223 
209 232 
258 98 
221 104 
68 228 
144 394 
386 193 
131 158 
268 349 
380 130 
145 326 
27 244 
258 291 
145 213 
374 329 
206 359 
107 73 
126 308 
383 272 
75 62 
183 47 
241 371 
34 29 
196 393 
372 364 
353 240 
226 343 
301 111 
217 224 
210 26 
100 361 
159 303 
407 286 
423 294 
169 339 
271 53 
364 184 
35 362 
424 207 
316 373 
224 139 
52 279 
264 25 
309 236 
117 40 
401 363 
229 135 
348 46 
26 400 
100 317 
194 102 
40 397 
305 200 
295 124 
304 296 
286 196 
261 232 
341 399 
64 120 
129 148 
157 260 
353 91 
376 188 
282 391 
218 10 
65 186 
355 24 
404 83 
298 320 
170 311 
230 29 
36 111 
73 398 
122 424 
141 220 
132 92 
121 32 
287 22 
106 377 
340 34 
384 205 
199 345 
327 302 
368 179 
255 320 
404 262 
412 139 
159 8 
106 217 
304 194 
287 336 
257 313 
105 412 
357 192 
386 207 
387 315 
26 313 
236 337 
60 92 
257 90 
286 67 
139 139 
423 112 
296 404 
53 86 
254 140 
142 140 
126 36 
109 3 
109 411 
379 186 
219 249 
255 78 
58 258 
338 271 
300 265 
35 272 
83 104 
114 39 
195 364 
171 294 
307 300 
179 46 
31 170 
95 329 
346 321 
125 250 
343 370 
199 158 
324 281 
288 313 
63 207 
298 279 
169 299 
351 7 
113 264 
177 90 
224 304 
122 262 
409 297 
349 282 
203 267 
120 151 
355 323 
384 190 
401 275 
52 63 
78 119 
125 69 
353 242 
358 18 
158 76 
93 388 
199 17 
185 369 
122 180 
257 104 
190 103 
34 193 
365 334 
356 247 
233 382 
262 292 
364 235 
149 228 
382 343 
327 359 
366 309 
269 39 
347 134 
95 385 
349 50 
60 345 
105 241 
132 78 
36 9 
121 265 
6 260 
101 1 
118 409 
216 284 
116 232 
369 200 
316 108 
332 308 
177 405 
398 269 
416 426 
27 236 
403 427 
55 352 
352 46 
403 101 
315 329 
22 162 
27 132 
182 356 
352 143 
31 189 
154 119 
296 324 
355 254 
31 168 
92 318 
2 316 
199 139 
120 359 
221 390 
23 296 
19 142 
405 93 
208 149 
185 76 
408 335 
267 289 
79 387 
140 69 
303 11 
398 6 
61 363 
299 392 
269 224 
133 341 
197 342 
206 209 
413 238 
427 332 
236 112 
126 117 
275 21 
80 157 
402 375 
6 64 
125 302 
63 82 
290 383 
252 285 
401 267 
11 254 
345 209 
263 262 
128 352 
427 174 
201 154 
202 220 
369 107 
79 264 
86 228 
15 153 
157 40 
37 296 
317 212 
372 23 
280 282 
355 122 
80 263 
253 136 
16 128 
170 42 
425 318 
20 23 
131 407 
427 278 
390 332 
214 260 
270 57 
308 423 
206 253 
62 104 
196 78 
66 361 
73 215 
230 416 
133 131 
257 199 
231 229 
417 162 
123 218 
181 138 
271 318 
317 15 
61 381 
203 359 
367 279 
304 260 
107 78 
3 291 
336 182 
220 395 
54 22 
234 347 
82 264 
357 6 
206 97 
236 91 
315 248 
396 152 
122 198 
329 203 
368 36 
80 237 
389 123 
204 350 
272 398 
297 196 
304 346 
367 39 
268 286 
197 169 
260 198 
364 7 
298 47 
196 356 
343 277 
328 176 
174 406 
377 68 
195 319 
415 208 
8 411 
168 238 
384 302 
234 303 
268 315 
419 387 
43 366 
112 175 
358 6 
392 416 
237 55 
80 28 
286 420 
352 289 
169 152 
262 272 
5 373 
160 414 
233 393 
410 321 
245 418 
47 215 
194 177 
230 331 
349 133 
128 43 
190 304 
220 339 
132 61 
375 219 
323 358 
418 415 
117 21 
365 241 
225 184 
50 193 
296 84 
400 40 
332 347 
250 292 
206 205 
306 134 
413 389 
42 419 
189 8 
361 329 
199 242 
286 427 
238 410 
211 171 
270 10 
173 38 
142 221 
71 181 
78 141 
218 57 
248 116 
165 82 
315 36 
204 428 
144 61 
360 107 
127 276 
332 103 
388 57 
3 315 
323 260 
214 267 
237 41 
40 288 
71 133 
275 427 
389 344 
365 69 
90 102 
255 200 
379 83 
253 103 
370 209 
138 36 
188 399 
343 82 
225 291 
209 172 
209 393 
167 4 
227 306 
226 331 
204 110 
149 10 
353 53 
272 259 
3 231 
31 420 
275 185 
84 292 
42 139 
219 401 
182 251 
237 207 
283 418 
257 89 
29 260 
222 371 
30 149 
295 273 
63 277 
32 251 
50 38 
152 30 
12 44 
158 132 
346 379 
4 284 
338 71 
156 353 
115 109 
353 243 
381 38 
397 295 
165 242 
62 321 
217 274 
144 352 
217 11 
111 20 
368 188 
391 112 
194 212 
35 149 
187 263 
12 40 
201 162 
145 134 
85 399 
283 385 
5 22 
217 202 
207 315 
214 266 
208 421 
51 350 
205 64 
189 413 
283 70 
99 190 
331 14 
290 292 
91 311 
234 46 
259 13 
394 256 
201 10 
377 427 
311 158 
343 192 
413 5 
148 426 
360 145 
416 138 
35 142 
76 311 
77 158 
333 377 
351 402 
284 400 
96 274 
168 382 
265 319 
69 295 
331 142 
358 228 
390 176 
135 145 
335 311 
212 65 
132 32 
295 78 
405 39 
234 86 
46 9 
21 385 
348 85 
374 404 
113 182 
428 166 
18 144 
227 79 
285 242 
386 284 
50 25 
359 88 
274 332 
417 292 
383 423 
257 345 
31 6 
200 401 
283 35 
53 342 
368 266 
158 26 
256 228 
162 151 
270 389 
269 49 
110 302 
126 205 
63 191 
351 64 
11 347 
323 190 
100 57 
158 32 
35 103 
81 164 
30 264 
413 321 
377 147 
300 211 
167 64 
397 242 
201 347 
321 323 
302 4 
224 413 
203 38 
152 168 
48 103 
394 4 
125 159 
213 26 
138 244 
302 55 
11 279 
225 298 
9 420 
421 130 
199 178 
299 288 
419 185 
2 14 
32 385 
196 359 
165 422 
137 394 
320 429 
29 279 
265 363 
92 295 
272 184 
34 344 
118 390 
321 336 
132 366 
110 5 
109 417 
395 171 
163 112 
95 55 
201 176 
280 10 
176 416 
214 46 
109 165 
5 114 
298 178 
41 40 
319 288 
274 164 
370 26 
310 183 
167 148 
203 212 
344 79 
209 189 
269 339 
357 149 
143 55 
285 381 
104 8 
278 90 
317 133 
421 2 
351 25 
396 220 
194 306 
382 65 
282 54 
275 280 
90 7 
235 148 
245 243 
46 184 
350 9 
93 56 
24 56 
293 1 
228 94 
248 266 
370 202 
298 330 
414 425 
389 281 
247 420 
109 181 
216 203 
288 184 
220 1 
327 200 
361 306 
323 297 
86 98 
339 400 
263 224 
92 59 
143 329 
188 161 
340 333 
243 264 
234 287 
110 188 
164 413 
426 253 
64 185 
418 309 
239 408 
161 139 
10 102 
78 313 
34 341 
223 416 
387 96 
195 297 
370 243 
181 289 
343 77 
339 149 
28 380 
107 4 
348 283 
181 403 
36 291 
316 428 
104 369 
191 80 
222 4 
159 284 
285 265 
75 402 
341 173 
91 111 
344 368 
306 280 
382 52 
136 187 
333 212 
268 388 
387 284 
368 229 
103 301 
306 171 
198 0 
363 268 
2 315 
75 102 
425 401 
168 239 
94 420 
295 149 
361 107 
155 27 
416 28 
93 164 
374 245 
267 78 
134 191 
45 174 
420 196 
161 277 
331 194 
90 163 
318 157 
374 420 
214 107 
326 36 
152 231 
319 77 
315 395 
258 397 
105 295 
241 385 
425 335 
155 211 
268 223 
402 195 
229 152 
31 43 
181 367 
24 122 
10 203 
74 369 
187 308 
243 148 
400 154 
96 157 
192 113 
354 162 
367 354 
299 295 
157 211 
227 370 
405 61 
94 278 
100 238 
17 36 
177 11 
338 239 
243 403 
135 33 
386 211 
238 314 
171 142 
225 241 
31 230 
25 359 
115 287 
197 376 
238 115 
60 147 
401 201 
324 118 
338 219 
386 377 
33 8 
304 302 
129 31 
171 231 
306 344 
109 146 
82 230 
13 332 
240 334 
31 302 
174 257 
312 164 
129 376 
224 119 
369 269 
172 6 
45 109 
65 421 
363 429 
177 239 
174 1 
165 132 
226 273 
170 190 
41 196 
113 308 
90 348 
71 85 
282 290 
42 37 
319 63 
418 180 
382 114 
215 423 
235 332 
114 205 
277 307 
251 292 
403 158 
421 371 
76 209 
143 41 
276 377 
273 417 
84 280 
52 178 
8 426 
189 85 
51 77 
346 373 
40 22 
392 70 
150 359 
297 114 
28 419 
348 301 
346 354 
142 349 
95 357 
97 80 
333 219 
265 141 
221 385 
62 88 
36 84 
413 197 
419 423 
3 423 
351 273 
342 340 
305 427 
16 204 
427 54 
45 102 
233 337 
71 219 
422 292 
407 307 
17 154 
84 305 
63 402 
330 80 
348 132 
78 121 
172 19 
116 198 
228 21 
187 352 
48 104 
168 310 
268 158 
221 49 
196 238 
291 101 
150 281 
295 374 
139 122 
144 337 
301 282 
392 162 
294 202 
0 274 
115 193 
370 144 
5 310 
72 109 
46 60 
5 82 
344 244 
288 124 
205 106 
295 138 
191 161 
350 240 
134 397 
324 24 
130 163 
100 230 
291 365 
22 322 
247 310 
371 292 
363 421 
204 390 
426 391 
336 117 
138 222 
135 380 
3 288 
388 160 
150 299 
243 326 
96 109 
423 130 
135 423 
407 271 
80 96 
211 258 
300 428 
129 15 
164 372 
340 214 
13 71 
218 81 
266 310 
333 115 
323 172 
380 128 
231 102 
306 38 
224 92 
160 227 
64 131 
74 343 
198 93 
261 129 
362 249 
284 24 
327 2 
71 395 
301 64 
227 215 
163 129 
119 132 
164 373 
50 270 
406 11 
239 281 
175 425 
347 207 
368 375 
350 24 
327 400 
289 136 
81 344 
411 119 
186 33 
130 47 
299 327 
312 366 
62 263 
174 157 
28 169 
261 360 
400 131 
112 316 
242 313 
246 31 
81 343 
321 14 
156 236 
187 265 
290 44 
340 233 
362 247 
272 352 
246 24 
131 415 
390 418 
45 159 
183 303 
46 26 
350 238 
52 326 
81 129 
240 231 
123 184 
231 347 
419 127 
275 288 
275 2 
359 396 
330 77 
189 129 
83 205 
395 198 
228 136 
12 180 
273 342 
189 330 
322 387 
367 21 
19 62 
73 15 
90 71 
262 388 
152 383 
263 424 
108 206 
50 73 
22 134 
104 88 
98 372 
150 261 
150 87 
175 69 
322 272 
70 149 
209 214 
352 386 
126 304 
404 318 
347 163 
134 325 
64 43 
422 266 
59 297 
409 410 
326 302 
0 74 
333 329 
37 229 
129 4 
381 413 
81 378 
11 423 
285 147 
51 269 
32 377 
233 25 
329 395 
103 153 
213 107 
318 209 
17 96 
185 239 
177 63 
139 216 
31 32 
346 427 
65 82 
184 185 
27 307 
331 356 
258 166 
315 235 
30 322 
85 102 
41 63 
277 15 
368 46 
98 127 
48 405 
309 196 
58 361 
21 151 
1 95 
40 357 
250 129 
361 103 
420 400 
297 18 
135 206 
112 330 
94 141 
302 35 
254 39 
387 101 
309 327 
241 409 
98 83 
101 359 
165 250 
317 20 
321 26 
114 416 
34 178 
179 86 
11 229 
29 187 
102 143 
77 141 
8 147 
98 217 
95 406 
170 343 
228 73 
150 27 
239 178 
57 422 
91 140 
316 340 
311 11 
34 80 
289 192 
81 364 
390 254 
310 248 
346 62 
198 255 
387 321 
83 234 
410 24 
295 334 
45 26 
150 99 
34 286 
233 87 
148 293 
194 18 
369 116 
334 250 
154 142 
79 107 
317 1 
321 90 
268 247 
57 59 
55 177 
89 199 
15 392 
113 131 
301 382 
174 363 
17 6 
256 370 
215 22 
58 8 
110 359 
321 124 
298 6 
72 247 
187 355 
279 165 
420 422 
278 144 
400 364 
167 33 
378 289 
342 43 
359 376 
75 252 
113 107 
269 107 
315 328 
166 20 
75 340 
218 283 
338 270 
340 61 
35 132 
199 150 
136 82 
172 291 
58 151 
362 315 
144 271 
70 243 
333 352 
229 150 
123 12 
110 191 
77 402 
428 335 
279 156 
214 1 
42 30 
187 2 
275 335 
20 25 
37 407 
178 182 
57 302 
136 380 
337 117 
407 172 
238 320 
369 392 
338 211 
390 40 
180 97 
99 322 
335 244 
159 118 
69 90 
369 82 
354 98 
25 125 
424 258 
37 361 
229 170 
57 158 
43 212 
58 313 
194 107 
316 117 
298 79 
218 168 
374 410 
18 123 
250 158 
210 391 
33 7 
167 178 
206 235 
373 373 
243 344 
414 173 
350 50 
422 202 
135 57 
125 154 
144 213 
180 46 
239 180 
20 422 
349 185 
370 293 
428 265 
392 64 
251 203 
119 68 
163 372 
270 306 
66 140 
251 321 
137 62 
64 365 
106 123 
195 351 
300 54 
361 298 
239 193 
360 338 
269 18 
314 355 
347 140 
201 80 
84 199 
333 211 
146 307 
108 350 
3 344 
303 145 
378 224 
189 376 
56 204 
195 422 
101 380 
345 243 
345 345 
68 211 
107 90 
316 75 
98 231 
337 232 
141 3 
90 344 
50 268 
238 209 
258 233 
44 95 
388 394 
101 196 
164 366 
203 287 
286 154 
330 250 
25 161 
228 53 
7 334 
343 228 
189 239 
309 21 
417 14 
101 67 
189 122 
185 317 
191 82 
330 30 
386 93 
314 107 
299 78 
191 141 
54 179 
113 42 
189 236 
282 262 
106 2 
7 85 
290 309 
39 136 
36 103 
331 393 
224 52 
88 161 
429 108 
421 206 
22 6 
83 276 
177 426 
260 350 
14 326 
76 335 
147 59 
423 233 
75 21 
359 29 
227 401 
228 230 
33 417 
85 187 
271 125 
190 37 
162 106 
408 64 
28 9 
155 60 
174 44 
199 100 
145 317 
270 377 
279 348 
102 317 
34 184 
188 178 
44 330 
275 19 
372 177 
182 109 
235 21 
64 396 
369 226 
238 86 
282 409 
134 237 
20 165 
346 205 
270 401 
170 409 
413 198 
297 190 
246 179 
174 219 
7 107 
260 84 
40 101 
313 175 
108 35 
384 415 
338 243 
177 57 
248 186 
6 411 
417 375 
228 287 
58 99 
235 179 
275 281 
134 283 
424 49 
157 226 
149 207 
272 380 
212 173 
242 19 
16 122 
297 344 
382 146 
39 427 
263 206 
53 180 
210 139 
383 19 
425 255 
188 254 
227 73 
334 153 
213 185 
164 266 
244 415 
179 74 
69 269 
391 39 
289 178 
217 321 
69 196 
157 58 
256 263 
45 238 
291 329 
253 68 
229 212 
8 62 
311 427 
301 82 
126 91 
95 88 
281 110 
34 400 
121 62 
215 319 
373 315 
146 378 
110 230 
61 305 
169 390 
111 19 
58 406 
246 174 
304 212 
397 358 
288 331 
9 103 
190 195 
199 103 
317 193 
417 0 
67 339 
351 197 
27 249 
137 427 
356 2 
175 130 
29 354 
240 337 
233 163 
401 170 
120 394 
14 67 
370 402 
180 215 
422 389 
320 426 
58 102 
208 89 
405 96 
318 164 
218 376 
105 248 
393 230 
314 159 
15 186 
69 392 
380 37 
404 56 
183 132 
17 17 
328 276 
322 90 
257 117 
116 129 
155 360 
101 74 
5 248 
411 372 
325 47 
76 325 
386 173 
383 198 
428 217 
236 273 
260 391 
39 334 
234 36 
375 147 
288 306 
239 239 
422 273 
257 178 
331 158 
196 373 
368 245 
136 22 
358 387 
161 135 
298 354 
54 388 
158 276 
241 90 
266 340 
118 108 
172 150 
261 95 
385 261 
207 361 
393 365 
74 373 
31 309 
194 374 
46 72 
199 36 
209 157 
8 229 
337 70 
280 164 
136 334 
154 168 
289 164 
428 140 
173 351 
14 388 
273 218 
136 133 
71 69 
396 151 
218 128 
146 73 
87 79 
200 365 
133 369 
334 164 
48 124 
345 35 
253 169 
24 294 
300 302 
349 405 
186 8 
328 231 
365 311 
357 368 
230 280 
283 72 
315 194 
80 83 
137 377 
346 217 
297 191 
417 124 
334 30 
8 288 
276 72 
335 52 
124 384 
404 328 
104 316 
54 391 
312 177 
285 370 
185 321 
256 96 
73 221 
164 371 
76 198 
46 428 
393 74 
98 264 
396 384 
258 347 
195 155 
139 62 
282 116 
61 282 
47 318 
63 334 
3 327 
11 106 
201 346 
151 397 
354 363 
189 323 
213 270 
355 68 
265 132 
317 209 
26 274 
135 180 
5 57 
116 250 
23 423 
321 219 
125 395 
183 177 
156 18 
260 335 
55 317 
229 76 
6 8 
50 68 
16 92 
398 35 
282 3 
162 4 
91 30 
185 89 
8 143 
29 320 
146 309 
298 280 
326 283 
326 157 
183 362 
91 429 
38 112 
60 141 
111 16 
256 422 
216 392 
350 165 
231 200 
234 92 
221 298 
350 150 
31 25 
304 295 
287 244 
218 346 
400 51 
91 174 
218 76 
210 341 
188 150 
12 38 
242 159 
373 72 
79 54 
354 320 
419 137 
181 105 
384 200 
266 1 
23 35 
94 297 
96 201 
320 258 
74 413 
270 400 
77 106 
17 342 
236 382 
95 369 
85 285 
321 239 
207 101 
80 20 
334 385 
330 273 
184 373 
166 313 
404 135 
372 332 
57 421 
135 242 
264 267 
386 209 
148 263 
184 339 
376 421 
128 309 
424 177 
244 327 
235 7 
202 184 
415 199 
170 150 
122 358 
61 288 
272 15 
18 80 
121 298 
117 360 
383 36 
161 423 
100 261 
429 415 
376 373 
181 117 
148 56 
141 257 
143 1 
189 176 
415 105 
222 156 
226 239 
177 164 
213 143 
319 387 
135 397 
44 94 
306 81 
335 139 
380 66 
204 221 
261 246 
24 343 
7 248 
34 280 
380 323 
269 340 
364 220 
392 11 
10 83 
323 304 
386 120 
191 372 
219 367 
132 191 
135 409 
382 316 
262 415 
305 305 
320 138 
422 94 
285 155 
91 129 
94 381 
305 282 
48 272 
268 285 
181 157 
23 104 
186 367 
191 303 
323 12 
252 89 
283 171 
298 260 
21 71 
265 80 
425 182 
173 73 
125 194 
145 3 
131 143 
336 266 
193 157 
15 428 
197 239 
122 66 
209 88 
217 100 
41 8 
389 69 
398 422 
140 314 
31 390 
263 286 
407 84 
255 164 
329 145 
332 383 
304 152 
127 420 
343 20 
423 179 
161 114 
258 242 
301 105 
153 238 
116 329 
424 11 
244 198 
106 360 
376 55 
311 341 
367 415 
368 289 
188 21 
190 287 
276 376 
358 366 
349 78 
97 283 
23 311 
215 2 
425 362 
143 384 
147 194 
258 362 
91 76 
301 378 
339 386 
193 133 
131 208 
212 264 
301 231 
45 110 
227 359 
60 163 
416 139 
101 242 
260 193 
350 138 
1 191 
157 172 
328 240 
139 336 
97 176 
117 37 
163 267 
26 367 
365 59 
11 377 
120 96 
350 364 
56 64 
171 423 
297 329 
157 199 
290 158 
38 127 
73 292 
212 182 
331 358 
290 183 
62 6 
405 43 
239 241 
358 429 
334 113 
354 275 
330 379 
286 390 
176 311 
300 108 
356 427 
195 278 
404 53 
244 206 
290 303 
341 290 
238 74 
46 217 
213 97 
202 191 
316 51 
362 332 
324 311 
163 271 
14 317 
341 65 
150 250 
378 182 
215 421 
230 6 
23 128 
296 255 
89 427 
17 54 
393 404 
288 360 
386 82 
289 366 
100 123 
299 312 
352 394 
28 12 
153 387 
313 181 
344 37 
18 34 
70 94 
422 274 
108 189 
163 25 
212 289 
331 0 
168 41 
251 188 
400 414 
79 79 
265 67 
157 425 
72 356 
279 56 
172 21 
114 45 
82 258 
410 289 
331 157 
202 24 
162 20 
317 192 
351 127 
333 297 
11 369 
292 258 
146 406 
219 28 
162 82 
426 112 
52 310 
107 370 
240 169 
195 288 
357 43 
282 422 
70 384 
191 62 
292 3 
143 174 
296 189 
379 337 
233 129 
287 381 
406 425 
348 135 
312 330 
233 95 
190 375 
121 220 
154 100 
51 256 
338 390 
243 69 
319 119 
236 129 
251 132 
363 93 
109 315 
30 310 
106 130 
230 271 
83 109 
255 416 
303 382 
103 136 
174 333 
367 280 
105 21 
398 395 
373 243 
374 228 
351 211 
306 190 
339 268 
40 306 
200 329 
24 164 
117 272 
330 126 
393 314 
36 402 
327 170 
202 203 
166 301 
194 343 
242 282 
322 213 
346 139 
9 116 
366 72 
304 380 
341 388 
363 0 
10 382 
183 172 
338 275 
105 200 
400 313 
113 128 
344 343 
270 98 
33 238 
73 153 
147 215 
127 176 
224 133 
351 281 
197 267 
181 82 
289 345 
358 314 
76 301 
241 122 
45 255 
380 78 
278 16 
317 278 
370 419 
371 98 
401 207 
71 115 
12 175 
416 55 
175 380 
46 191 
226 378 
298 174 
209 326 
109 121 
231 130 
429 101 
200 261 
247 413 
128 354 
280 221 
209 342 
160 350 
23 103 
153 400 
58 301 
136 230 
300 325 
332 129 
339 185 
223 257 
99 428 
397 78 
374 118 
339 376 
370 352 
176 78 
402 209 
38 282 
402 79 
408 425 
376 338 
246 283 
168 428 
310 149 
177 83 
136 366 
223 89 
403 337 
20 377 
385 375 
322 238 
233 123 
321 200 
204 145 
409 97 
61 85 
26 11 
255 351 
428 273 
254 194 
2 58 
191 325 
51 280 
127 314 
228 292 
180 237 
216 14 
330 170 
231 79 
277 206 
93 278 
29 1 
147 127 
156 79 
240 367 
353 177 
395 0 
135 257 
2 201 
189 353 
375 271 
179 17 
416 96 
338 238 
66 250 
30 313 
196 83 
370 421 
417 27 
157 266 
91 325 
250 189 
22 82 
274 429 
199 165 
218 220 
255 168 
200 169 
361 420 
273 257 
415 23 
391 332 
181 325 
167 104 
335 148 
109 36 
127 93 
394 111 
357 57 
331 253 
15 221 
282 223 
190 299 
251 242 
320 301 
88 56 
250 37 
359 406 
124 419 
264 101 
419 44 
93 33 
356 378 
131 37 
407 148 
223 62 
233 30 
350 32 
107 123 
328 246 
279 169 
203 141 
244 314 
365 265 
282 192 
206 122 
100 3 
367 172 
66 275 
198 13 
381 177 
229 320 
347 314 
79 109 
9 409 
358 124 
43 386 
397 179 
121 272 
407 278 
380 307 
82 149 
240 236 
58 152 
378 288 
418 414 
177 212 
244 181 
227 237 
150 277 
139 321 
119 84 
385 5 
361 390 
220 334 
177 418 
150 193 
365 268 
34 135 
352 271 
121 366 
92 52 
125 110 
264 33 
113 380 
311 248 
335 348 
175 8 
240 152 
299 82 
408 142 
265 422 
353 273 
18 326 
34 97 
174 306 
216 298 
335 274 
308 194 
133 400 
154 93 
227 142 
219 349 
234 19 
69 298 
165 136 
156 108 
415 120 
114 22 
22 253 
266 185 
39 314 
384 416 
179 276 
17 62 
180 387 
135 425 
279 21 
120 422 
301 237 
424 216 
233 306 
291 272 
118 303 
115 42 
85 282 
305 250 
159 121 
236 95 
59 315 
331 98 
43 346 
208 30 
365 279 
420 426 
111 66 
379 15 
243 6 
29 119 
55 77 
415 420 
82 363 
192 213 
138 419 
162 229 
367 380 
125 425 
36 377 
301 153 
196 35 
12 52 
41 294 
124 401 
424 329 
248 100 
95 371 
338 203 
242 62 
128 77 
7 404 
364 392 
402 331 
148 308 
86 74 
371 415 
297 306 
114 91 
44 172 
209 299 
403 355 
423 254 
411 16 
89 119 
274 172 
101 269 
81 239 
200 5 
193 154 
49 140 
256 172 
329 407 
192 293 
182 360 
76 18 
181 18 
99 81 
117 406 
216 42 
214 351 
153 32 
58 45 
228 324 
110 300 
59 299 
255 44 
397 103 
36 344 
41 76 
257 395 
75 139 
310 310 
227 90 
254 107 
50 260 
310 88 
396 39 
110 405 
233 154 
13 77 
56 287 
321 5 
55 236 
177 122 
339 235 
213 189 
427 283 
286 41 
292 391 
359 92 
60 321 
283 352 
208 129 
75 255 
27 204 
244 49 
9 85 
377 228 
419 177 
89 319 
416 216 
382 199 
252 262 
255 385 
293 105 
64 376 
231 305 
370 167 
294 308 
367 422 
82 12 
213 319 
1 179 
245 97 
121 335 
213 181 
116 339 
347 406 
313 169 
306 35 
151 185 
347 305 
409 376 
45 242 
141 121 
212 348 
289 266 
9 76 
199 296 
126 80 
405 149 
83 293 
429 8 
263 350 
95 338 
336 187 
14 327 
125 245 
409 265 
220 260 
206 365 
362 288 
226 21 
15 173 
205 250 
210 194 
412 194 
336 132 
25 385 
259 134 
53 25 
306 178 
319 339 
266 317 
328 401 
142 340 
410 259 
174 385 
212 103 
376 414 
429 98 
126 130 
375 150 
14 125 
107 243 
373 91 
226 293 
385 68 
340 29 
199 185 
36 393 
415 21 
62 381 
184 7 
366 46 
206 300 
135 178 
404 190 
95 142 
231 308 
215 116 
406 164 
385 262 
39 422 
298 310 
297 61 
142 388 
339 357 
192 37 
401 378 
145 228 
166 218 
86 296 
106 142 
236 76 
427 280 
147 169 
36 219 
95 400 
116 28 
277 129 
367 53 
390 146 
412 24 
392 63 
305 212 
308 335 
124 191 
44 63 
46 296 
141 255 
344 163 
258 358 
191 388 
232 347 
268 127 
55 167 
259 360 
292 399 
26 186 
12 387 
353 320 
79 343 
25 181 
354 79 
423 325 
193 26 
409 300 
126 153 
396 41 
278 298 
204 289 
167 123 
45 185 
90 332 
120 375 
232 113 
258 272 
400 61 
188 366 
153 318 
177 279 
59 208 
396 225 
12 220 
23 206 
160 156 
320 110 
100 412 
153 407 
42 22 
216 362 
412 408 
107 358 
54 283 
345 152 
329 91 
258 120 
374 363 
391 47 
276 63 
1 291 
244 342 
83 416 
81 237 
121 105 
349 42 
397 85 
313 87 
178 87 
73 127 
358 198 
278 230 
297 134 
266 110 
183 58 
283 180 
429 317 
226 158 
193 230 
415 229 
60 72 
367 352 
356 238 
311 205 
32 186 
173 425 
242 257 
154 85 
372 216 
20 356 
417 217 
383 386 
108 13 
208 240 
186 341 
402 394 
228 228 
406 343 
319 44 
98 160 
221 279 
356 65 
35 114 
129 51 
428 226 
191 47 
64 119 
65 250 
295 61 
426 22 
376 301 
341 236 
363 410 
385 90 
181 262 
11 54 
252 427 
348 47 
32 167 
339 387 
367 399 
371 392 
140 265 
100 104 
246 388 
261 344 
254 396 
209 327 
389 186 
193 176 
206 258 
405 304 
86 288 
10 49 
407 216 
240 277 
227 414 
341 226 
258 26 
354 318 
263 395 
362 79 
140 330 
111 379 
279 373 
352 348 
82 111 
58 131 
164 328 
344 279 
333 80 
108 67 
158 346 
284 208 
123 20 
1 213 
9 222 
323 402 
334 98 
307 43 
66 163 
166 96 
115 142 
231 167 
200 409 
60 214 
7 295 
223 328 
363 377 
283 156 
8 408 
402 310 
133 74 
173 74 
101 216 
361 407 
133 35 
207 128 
374 400 
322 5 
264 246 
79 43 
102 415 
285 273 
50 284 
65 323 
87 105 
101 8 
360 373 
424 65 
408 343 
302 92 
271 204 
235 154 
180 87 
248 383 
427 75 
109 66 
26 77 
72 137 
51 71 
276 15 
74 214 
107 235 
150 132 
375 367 
136 417 
161 53 
186 277 
271 426 
106 176 
254 257 
264 341 
229 125 
396 423 
272 404 
72 244 
135 280 
281 217 
269 148 
370 264 
363 322 
365 322 
252 190 
340 95 
14 329 
157 116 
206 185 
262 173 
199 237 
365 115 
18 122 
339 79 
366 62 
0 311 
112 19 
97 424 
280 293 
175 335 
241 370 
195 378 
136 87 
128 231 
398 246 
305 230 
79 316 
76 137 
147 317 
149 281 
210 192 
169 273 
57 27 
392 145 
256 342 
404 11 
151 81 
143 164 
87 344 
233 342 
87 145 
175 62 
387 360 
48 362 
89 214 
231 47 
77 247 
107 332 
48 401 
16 160 
273 231 
17 352 
4 58 
307 363 
112 53 
331 170 
99 163 
360 413 
55 239 
4 9 
420 3 
122 84 
88 64 
197 329 
78 257 
319 10 
223 237 
133 135 
278 241 
280 97 
136 252 
398 112 
144 386 
417 24 
316 103 
186 173 
338 336 
144 355 
164 305 
167 151 
319 183 
224 287 
282 97 
108 341 
427 105 
285 287 
133 111 
365 93 
123 186 
31 18 
361 4 
396 275 
170 389 
407 26 
214 170 
325 97 
225 278 
394 275 
400 330 
316 193 
327 258 
357 426 
227 77 
409 129 
411 380 
161 151 
151 340 
247 283 
280 250 
357 249 
294 113 
64 85 
5 164 
389 8 
330 383 
262 322 
310 344 
200 291 
411 322 
412 372 
310 368 
225 274 
70 34 
256 191 
100 166 
209 410 
388 280 
258 237 
214 416 
84 42 
108 360 
108 54 
94 225 
162 30 
15 301 
362 70 
134 244 
336 133 
138 189 
174 210 
115 102 
241 326 
279 229 
65 117 
249 67 
252 271 
74 310 
231 277 
367 82 
142 401 
348 187 
335 300 
22 301 
89 168 
352 322 
306 363 
80 426 
334 93 
150 362 
320 56 
273 365 
229 95 
182 311 
158 150 
148 187 
62 188 
411 303 
172 427 
411 311 
169 246 
106 260 
357 67 
326 407 
208 196 
29 418 
332 128 
112 324 
4 201 
288 48 
271 340 
102 364 
311 286 
149 26 
342 352 
259 81 
412 345 
342 330 
144 372 
164 201 
80 374 
351 5 
19 166 
170 290 
236 349 
395 133 
378 211 
327 119 
56 3 
296 249 
294 283 
398 32 
337 158 
310 226 
53 239 
157 202 
171 156 
359 397 
407 387 
408 92 
160 276 
2 345 
185 250 
291 20 
117 85 
138 301 
105 167 
304 370 
340 81 
199 300 
182 377 
318 343 
318 43 
67 379 
141 414 
321 237 
178 78 
41 292 
254 175 
272 211 
122 126 
300 278 
357 401 
315 206 
355 162 
314 387 
344 139 
23 400 
80 304 
301 275 
74 154 
85 298 
156 174 
66 414 
92 5 
255 49 
314 414 
216 15 
146 218 
388 140 
4 310 
212 151 
169 346 
257 342 
421 323 
124 15 
333 184 
140 167 
396 259 
163 183 
150 97 
46 343 
243 191 
139 342 
120 351 
54 425 
255 199 
307 101 
136 357 
195 350 
398 307 
343 351 
203 252 
62 178 
224 157 
224 10 
168 309 
101 290 
29 147 
407 11 
301 387 
68 327 
384 139 
174 193 
244 364 
305 182 
134 382 
370 195 
358 155 
90 219 
286 200 
109 293 
366 347 
235 114 
192 220 
388 204 
222 367 
358 87 
217 142 
304 193 
248 339 
363 352 
177 207 
360 75 
427 7 
177 139 
306 22 
389 267 
260 413 
114 113 
239 19 
19 76 
258 167 
124 144 
241 335 
126 280 
4 166 
64 397 
175 160 
395 145 
12 112 
309 113 
222 100 
353 339 
199 1 
254 40 
41 80 
101 305 
29 278 
