851 1611 
21 110 
296 246 
600 840 
278 831 
130 754 
379 9 
33 69 
761 17 
684 655 
233 48 
735 625 
280 541 
80 86 
380 26 
410 691 
265 510 
556 393 
200 522 
342 36 
677 346 
715 630 
812 641 
64 815 
684 259 
23 88 
500 232 
313 834 
61 358 
826 340 
143 688 
637 595 
187 402 
719 558 
542 157 
57 362 
274 612 
420 265 
120 28 
384 292 
795 644 
81 245 
840 210 
471 642 
252 586 
267 100 
656 720 
502 150 
38 620 
405 404 
310 677 
816 459 
89 252 
168 173 
164 809 
634 527 
723 245 
667 794 
408 702 
264 132 
525 792 
497 810 
533 364 
744 429 
218 159 
755 213 
84 32 
450 630 
732 447 
764 55 
581 25 
194 467 
25 75 
219 452 
831 522 
745 345 
271 808 
633 568 
307 82 
743 412 
96 264 
518 77 
161 819 
61 334 
678 430 
281 502 
84 754 
246 263 
772 89 
335 30 
471 398 
318 22 
469 148 
442 186 
591 763 
532 723 
199 279 
506 418 
837 22 
118 698 
150 573 
368 147 
709 696 
717 131 
640 72 
728 734 
277 3 
39 23 
243 41 
292 141 
173 309 
679 280 
706 293 
247 526 
62 97 
313 382 
41 300 
179 607 
390 583 
704 493 
551 569 
234 499 
279 507 
463 415 
783 826 
129 710 
462 761 
267 636 
290 603 
325 350 
505 765 
766 325 
94 83 
417 323 
40 439 
317 173 
57 501 
581 746 
349 394 
252 655 
690 771 
188 713 
626 11 
671 751 
707 382 
173 840 
685 302 
698 831 
812 473 
694 6 
563 181 
47 396 
129 654 
298 209 
849 486 
193 19 
73 620 
712 487 
632 483 
87 525 
486 317 
543 368 
95 188 
731 750 
553 618 
306 454 
503 615 
241 98 
37 122 
552 652 
812 233 
553 271 
315 366 
266 763 
164 676 
715 91 
161 581 
400 228 
676 525 
505 833 
323 279 
277 253 
673 375 
593 130 
485 569 
99 6 
278 606 
555 584 
39 751 
438 524 
292 634 
712 51 
234 408 
760 586 
830 257 
783 326 
83 317 
174 822 
312 34 
726 181 
564 436 
401 776 
411 287 
649 537 
423 235 
541 579 
57 361 
721 801 
643 315 
98 605 
34 258 
35 73 
714 339 
228 12 
470 429 
354 720 
577 95 
65 149 
16 396 
231 545 
81 511 
114 355 
457 77 
548 679 
680 318 
359 450 
410 561 
654 479 
180 788 
828 67 
797 321 
485 577 
438 507 
561 294 
511 147 
10 798 
412 434 
373 701 
823 259 
109 50 
314 599 
205 674 
282 321 
652 679 
719 489 
811 288 
223 176 
754 247 
193 209 
129 418 
784 625 
800 644 
292 336 
70 649 
416 465 
136 129 
679 86 
446 720 
290 281 
187 182 
829 12 
392 655 
605 480 
272 664 
546 824 
262 183 
272 317 
758 646 
596 742 
199 204 
615 756 
441 456 
216 401 
817 200 
105 139 
239 502 
46 56 
10 252 
39 527 
742 390 
70 813 
20 482 
804 612 
245 257 
412 27 
339 487 
184 693 
753 697 
454 694 
730 343 
659 410 
415 384 
476 170 
132 64 
572 292 
653 147 
450 318 
398 633 
540 158 
156 427 
799 755 
155 517 
547 228 
118 629 
792 346 
608 693 
105 660 
374 370 
556 487 
283 618 
689 261 
494 319 
805 838 
398 678 
838 557 
498 266 
459 489 
55 336 
702 626 
280 839 
344 534 
366 95 
471 579 
131 817 
214 205 
133 44 
436 827 
281 96 
17 114 
722 331 
182 623 
594 299 
216 192 
283 719 
572 732 
452 455 
682 456 
543 834 
334 570 
112 620 
103 147 
550 459 
308 804 
535 544 
687 798 
4 525 
252 642 
300 4 
501 412 
582 762 
619 340 
381 401 
597 510 
230 9 
161 843 
540 116 
153 31 
198 292 
163 438 
601 234 
735 494 
511 622 
584 47 
322 349 
155 61 
93 128 
720 641 
783 703 
238 549 
521 619 
555 334 
171 691 
214 551 
286 172 
77 277 
87 10 
314 585 
807 107 
735 670 
122 119 
426 215 
46 61 
653 48 
306 160 
596 179 
194 500 
375 509 
503 243 
153 400 
409 70 
427 843 
587 351 
643 388 
512 355 
59 573 
218 34 
610 334 
442 710 
586 405 
234 850 
317 605 
178 466 
361 257 
312 760 
290 403 
348 48 
588 716 
134 792 
712 190 
665 730 
373 785 
654 284 
159 689 
423 825 
62 613 
448 700 
361 803 
494 245 
569 531 
484 16 
338 806 
227 610 
55 147 
823 237 
430 386 
600 71 
594 222 
143 39 
57 733 
613 518 
317 800 
408 656 
281 827 
324 45 
183 611 
7 645 
519 7 
427 68 
404 673 
49 79 
522 785 
77 708 
788 549 
326 203 
135 135 
55 292 
16 420 
720 799 
368 454 
848 778 
482 525 
591 162 
466 790 
419 534 
559 551 
662 122 
249 753 
354 576 
346 729 
292 276 
287 772 
721 331 
811 511 
180 129 
205 467 
561 43 
465 383 
833 387 
28 716 
824 470 
188 56 
796 39 
211 808 
839 394 
782 285 
606 425 
354 167 
207 693 
161 648 
222 111 
463 672 
776 715 
353 596 
302 727 
845 638 
634 457 
666 759 
14 728 
617 573 
123 614 
340 395 
429 33 
91 247 
758 87 
5 372 
16 704 
514 466 
242 332 
452 708 
492 148 
80 834 
572 372 
457 189 
692 339 
312 336 
106 337 
344 733 
418 707 
475 100 
590 174 
470 16 
723 838 
490 651 
339 680 
273 223 
416 389 
791 28 
607 82 
767 13 
758 128 
382 300 
406 621 
403 577 
776 803 
476 326 
549 76 
561 182 
735 59 
395 572 
291 523 
459 736 
508 743 
50 117 
309 59 
560 682 
48 556 
374 808 
819 356 
332 796 
159 111 
191 280 
498 585 
623 682 
613 659 
224 156 
62 805 
448 730 
446 315 
26 736 
764 538 
12 436 
552 127 
555 493 
190 45 
112 315 
509 658 
73 141 
278 661 
377 291 
351 481 
553 455 
547 536 
177 143 
423 236 
407 608 
483 763 
406 812 
213 374 
447 574 
69 577 
315 312 
739 813 
824 110 
430 3 
485 455 
490 40 
131 58 
635 206 
442 542 
260 187 
97 777 
89 196 
626 353 
701 342 
401 645 
620 300 
714 80 
69 416 
129 250 
800 319 
604 266 
168 328 
782 257 
787 514 
412 479 
529 21 
434 426 
503 578 
421 527 
335 1 
103 393 
523 453 
719 394 
614 182 
835 592 
552 252 
385 46 
154 197 
85 555 
821 776 
602 759 
416 475 
65 195 
514 0 
174 156 
368 624 
554 292 
631 400 
18 799 
391 70 
454 461 
82 402 
585 798 
632 699 
553 787 
718 386 
521 678 
788 142 
583 580 
246 20 
322 717 
86 11 
543 397 
458 256 
622 452 
92 171 
438 633 
722 122 
633 288 
617 624 
233 648 
800 632 
784 117 
40 837 
71 637 
487 812 
75 744 
434 634 
134 187 
104 498 
704 269 
205 223 
156 433 
151 518 
141 101 
830 636 
251 776 
628 780 
513 460 
417 712 
498 69 
290 666 
700 151 
21 722 
743 109 
224 788 
74 253 
579 767 
780 804 
108 53 
576 126 
218 575 
305 25 
458 573 
528 367 
574 309 
415 815 
559 86 
90 169 
445 650 
286 430 
94 804 
139 610 
268 577 
171 371 
353 41 
421 50 
640 626 
564 567 
485 365 
7 177 
835 807 
11 328 
341 254 
161 602 
98 457 
541 39 
732 821 
330 440 
571 25 
666 347 
783 31 
297 120 
232 159 
29 608 
832 297 
703 346 
81 24 
216 165 
93 64 
684 417 
6 622 
438 716 
38 741 
394 523 
379 173 
440 85 
432 123 
587 707 
761 91 
131 504 
1 695 
336 5 
551 794 
473 465 
436 710 
179 655 
4 311 
515 541 
494 129 
821 166 
593 706 
79 87 
675 404 
24 191 
601 642 
212 766 
818 303 
648 549 
559 839 
498 276 
392 409 
365 823 
152 471 
811 830 
402 795 
19 272 
177 711 
482 763 
813 808 
207 509 
317 113 
283 626 
660 140 
299 568 
228 311 
56 497 
330 824 
334 352 
194 767 
432 725 
268 153 
833 818 
36 143 
217 435 
451 2 
316 276 
140 810 
310 609 
312 242 
177 97 
495 513 
99 100 
849 34 
138 392 
543 458 
2 222 
144 731 
157 477 
507 408 
433 479 
783 61 
710 621 
818 263 
785 439 
554 36 
227 283 
200 365 
538 432 
5 604 
683 329 
386 264 
144 743 
742 607 
673 430 
52 776 
209 80 
480 711 
223 614 
82 252 
558 26 
281 800 
137 542 
370 307 
148 844 
579 33 
221 505 
44 280 
60 839 
616 449 
500 279 
575 799 
132 420 
621 429 
699 273 
33 769 
205 684 
336 744 
32 467 
640 413 
116 574 
268 680 
284 105 
342 813 
39 463 
127 72 
807 28 
340 800 
779 25 
483 169 
324 662 
185 784 
285 43 
155 464 
167 513 
590 671 
850 93 
472 513 
222 680 
805 572 
471 99 
93 842 
679 223 
600 340 
727 696 
678 194 
129 413 
434 590 
404 436 
131 204 
752 277 
331 109 
452 51 
383 464 
96 464 
73 151 
287 833 
468 78 
605 143 
613 236 
390 469 
290 236 
292 293 
590 214 
261 338 
252 267 
780 206 
815 540 
540 305 
603 145 
765 308 
745 155 
833 171 
97 140 
844 809 
637 631 
72 664 
799 801 
801 211 
531 398 
257 369 
302 674 
464 695 
317 731 
178 79 
86 301 
80 33 
794 338 
78 93 
101 393 
87 313 
691 695 
513 442 
102 148 
105 259 
467 452 
408 786 
463 407 
546 531 
374 333 
379 515 
509 191 
677 63 
805 101 
319 334 
381 408 
807 590 
118 374 
457 648 
113 684 
742 539 
89 412 
203 488 
130 154 
366 1 
30 640 
689 525 
364 488 
182 446 
518 508 
205 779 
286 217 
252 761 
802 315 
15 627 
151 572 
771 738 
36 314 
375 341 
214 483 
383 657 
436 481 
230 478 
386 283 
321 426 
575 691 
554 57 
740 182 
18 462 
107 296 
710 547 
687 781 
634 651 
587 562 
667 525 
342 448 
184 162 
65 103 
605 353 
495 483 
749 713 
382 700 
733 546 
554 628 
29 427 
644 814 
767 549 
443 219 
845 582 
800 624 
10 770 
39 123 
833 216 
351 327 
807 772 
46 426 
318 460 
36 226 
847 377 
197 93 
710 554 
785 412 
461 354 
202 113 
261 111 
154 148 
517 207 
374 176 
770 320 
120 671 
573 125 
574 322 
78 328 
595 280 
373 41 
778 485 
839 406 
795 142 
240 353 
813 488 
781 471 
200 268 
482 639 
777 310 
354 151 
295 580 
538 436 
680 232 
100 715 
349 687 
295 598 
75 425 
529 542 
611 464 
509 23 
119 487 
72 812 
516 378 
545 416 
325 519 
47 195 
354 221 
669 123 
674 93 
625 657 
591 163 
580 29 
498 681 
226 128 
260 591 
253 573 
146 98 
850 195 
450 382 
339 727 
79 220 
743 31 
76 557 
763 693 
750 569 
657 573 
378 499 
170 280 
818 570 
279 653 
556 25 
734 63 
224 54 
717 797 
373 335 
475 490 
562 802 
134 396 
301 442 
286 196 
228 647 
676 609 
815 478 
467 526 
675 840 
241 410 
481 605 
742 456 
554 422 
204 611 
33 171 
22 771 
756 209 
671 691 
452 87 
470 662 
457 679 
844 657 
246 549 
815 512 
69 430 
554 605 
167 141 
657 302 
640 261 
663 157 
392 196 
304 638 
764 6 
356 1 
125 480 
489 51 
295 153 
49 252 
13 114 
283 354 
191 669 
284 275 
381 737 
581 139 
478 434 
442 577 
705 720 
299 505 
775 664 
806 770 
671 460 
1 661 
357 765 
655 63 
8 808 
69 396 
685 718 
237 168 
360 850 
64 189 
631 467 
323 688 
28 201 
723 281 
794 544 
713 602 
286 221 
495 315 
78 378 
834 52 
472 601 
573 344 
818 775 
69 301 
15 17 
594 554 
145 221 
390 23 
249 821 
251 420 
720 352 
177 95 
10 204 
524 171 
181 319 
372 266 
821 218 
6 724 
43 443 
112 179 
781 511 
836 3 
422 674 
320 774 
728 822 
774 410 
244 159 
515 486 
803 204 
59 178 
286 105 
749 553 
438 210 
822 575 
775 824 
341 518 
142 542 
7 52 
154 338 
190 183 
830 250 
803 77 
78 279 
712 363 
281 351 
267 619 
791 277 
298 297 
84 94 
625 68 
670 222 
228 813 
684 114 
409 102 
180 681 
587 599 
794 569 
816 444 
14 190 
708 847 
88 29 
736 76 
221 499 
163 292 
425 553 
669 637 
157 411 
218 390 
797 599 
608 40 
479 833 
826 346 
825 442 
773 387 
85 64 
194 229 
441 225 
720 481 
453 39 
94 335 
672 502 
570 302 
204 305 
487 410 
562 786 
283 541 
295 430 
726 257 
610 56 
205 514 
589 448 
484 250 
164 794 
814 100 
188 820 
676 788 
637 113 
123 213 
344 449 
517 17 
524 38 
424 118 
417 141 
126 451 
361 382 
642 560 
21 213 
104 541 
573 24 
256 217 
393 720 
174 201 
703 454 
392 156 
141 502 
570 71 
769 308 
770 128 
846 64 
404 721 
222 194 
134 388 
740 632 
560 634 
93 339 
401 222 
173 44 
349 285 
257 465 
587 277 
732 637 
117 183 
305 776 
24 65 
187 544 
299 394 
705 74 
289 774 
420 724 
279 813 
740 418 
346 775 
727 838 
641 674 
184 625 
402 26 
277 777 
778 314 
427 147 
110 522 
178 628 
736 693 
452 756 
131 516 
691 126 
794 253 
409 428 
183 659 
808 795 
23 661 
84 186 
511 545 
581 327 
691 318 
320 644 
358 684 
324 73 
640 612 
700 476 
239 410 
627 504 
479 351 
101 531 
134 391 
199 207 
718 202 
593 715 
227 503 
326 167 
576 594 
678 762 
688 736 
791 541 
63 826 
127 504 
731 189 
630 343 
213 748 
809 46 
646 773 
594 311 
482 849 
416 99 
461 755 
610 666 
389 671 
366 443 
281 829 
238 754 
663 445 
8 714 
515 401 
53 308 
580 110 
562 154 
436 41 
221 735 
804 22 
761 650 
491 29 
220 172 
683 286 
462 193 
181 379 
574 571 
388 655 
696 687 
741 205 
34 121 
813 31 
760 139 
379 78 
342 799 
260 801 
427 708 
541 10 
127 458 
733 715 
640 757 
690 376 
598 5 
387 185 
651 227 
502 64 
54 822 
244 849 
781 234 
186 565 
630 495 
345 521 
154 588 
487 671 
455 358 
347 607 
330 354 
413 520 
126 827 
470 6 
603 735 
651 617 
326 123 
827 274 
631 88 
40 758 
158 783 
672 139 
113 437 
125 16 
821 331 
254 570 
58 293 
309 510 
104 51 
352 817 
516 589 
571 175 
692 75 
106 647 
727 677 
630 222 
426 355 
190 441 
316 814 
141 29 
128 534 
73 847 
398 129 
393 468 
117 796 
155 77 
583 782 
517 223 
605 54 
845 482 
692 66 
638 746 
363 598 
232 232 
225 701 
630 735 
347 525 
411 375 
608 326 
375 435 
812 107 
352 534 
359 774 
35 567 
1 708 
562 707 
474 594 
252 209 
764 167 
702 245 
480 668 
774 164 
545 695 
356 158 
793 87 
4 816 
260 113 
823 211 
354 177 
438 173 
634 849 
847 554 
159 387 
499 785 
313 811 
211 681 
785 305 
561 88 
6 747 
378 408 
497 728 
146 739 
199 126 
475 74 
112 324 
242 150 
483 839 
142 400 
133 496 
160 36 
596 583 
246 4 
75 747 
9 274 
618 612 
760 164 
183 778 
248 337 
150 680 
603 779 
641 537 
354 60 
135 173 
743 377 
209 274 
778 846 
165 535 
17 688 
122 261 
331 222 
845 791 
527 434 
330 473 
51 836 
621 332 
216 585 
302 357 
54 759 
631 685 
829 106 
775 697 
489 365 
588 317 
384 826 
514 259 
458 430 
397 605 
377 645 
320 616 
567 603 
513 282 
44 386 
747 201 
409 735 
579 194 
466 177 
546 599 
56 179 
572 94 
572 345 
843 548 
265 505 
554 625 
215 342 
672 384 
382 120 
290 593 
407 68 
326 424 
389 483 
787 730 
436 260 
516 348 
375 185 
466 349 
624 193 
822 398 
598 686 
401 717 
46 229 
673 233 
692 348 
603 82 
589 238 
338 606 
202 467 
524 832 
794 546 
54 169 
276 660 
385 380 
174 761 
839 571 
606 357 
308 681 
100 761 
457 343 
647 646 
703 222 
485 836 
779 158 
563 834 
189 816 
516 823 
674 92 
190 475 
275 108 
411 226 
202 629 
354 805 
788 517 
619 506 
771 37 
623 626 
398 815 
23 382 
813 127 
847 284 
665 534 
64 730 
818 631 
349 63 
559 665 
53 415 
681 528 
447 216 
583 711 
177 113 
561 190 
652 623 
677 423 
145 486 
805 447 
393 775 
262 710 
114 777 
702 395 
496 565 
156 822 
177 299 
362 217 
431 329 
290 273 
677 273 
64 122 
377 321 
475 253 
151 239 
108 797 
145 654 
578 720 
195 757 
846 527 
34 828 
275 578 
215 391 
804 606 
92 472 
490 616 
418 608 
634 320 
357 654 
691 818 
155 683 
109 220 
584 634 
268 328 
826 182 
494 437 
155 441 
578 78 
209 46 
787 451 
631 229 
611 295 
214 624 
441 252 
