8079 8960 
4084 7274 
5907 3701 
3139 7185 
2118 8066 
2810 3839 
7909 3341 
5805 6084 
7047 7531 
579 2583 
972 1891 
3572 3290 
5577 1830 
5083 3874 
3492 1246 
2741 2663 
7023 6716 
4007 1062 
4916 490 
770 6910 
5897 1448 
4567 4598 
911 519 
6832 2076 
2995 6043 
2880 1035 
6790 4770 
6028 7803 
1030 1090 
6638 2724 
2293 2924 
3724 5815 
5122 4986 
6596 4785 
3960 1964 
129 6353 
736 3973 
2331 6527 
6577 6154 
1481 7252 
4871 5118 
3389 5414 
5858 3168 
1101 3836 
1677 6376 
491 3526 
1255 2700 
1377 1842 
5325 3237 
7061 759 
482 6625 
3274 1256 
7939 2814 
4678 2712 
2149 5474 
1161 7941 
3656 7970 
1710 1019 
1264 6903 
4191 5297 
6126 6265 
1886 6858 
3654 7173 
1060 1519 
2697 2472 
3270 5803 
6324 145 
2640 670 
7433 2811 
7949 7381 
368 5854 
457 4374 
6549 6368 
1172 2227 
5362 2487 
263 4448 
1345 1836 
1403 1222 
7206 3116 
3108 5022 
6044 1634 
6538 7753 
400 2172 
4993 7854 
5816 835 
1700 6547 
4620 573 
277 2252 
4036 7043 
2382 3779 
1480 2936 
627 1024 
526 6801 
5495 1177 
4862 3720 
508 1558 
992 3930 
7802 1722 
4281 2704 
157 873 
3141 7232 
6345 4980 
804 3420 
6417 823 
7509 3293 
109 3728 
427 5465 
4541 2616 
7218 2804 
1744 3628 
6504 80 
5027 8075 
6384 7788 
2416 1242 
7951 2529 
1467 5855 
2000 6456 
5190 4727 
3428 3739 
4827 1395 
7526 5417 
7713 3139 
3409 2935 
3545 7276 
2258 31 
634 1191 
2400 2875 
161 7577 
5304 7586 
3631 1563 
581 3123 
7849 1669 
5949 1947 
3813 1674 
6571 6370 
3308 2625 
4041 2988 
7613 515 
5543 7 
3511 6498 
1910 3644 
3297 209 
2548 4303 
5566 600 
7159 6243 
4509 5622 
5858 4265 
897 1737 
2636 1969 
7207 5687 
4521 7508 
5931 5515 
1681 4963 
5075 7466 
7205 5560 
1116 1456 
3813 1551 
312 4993 
4770 5021 
6722 7574 
44 7739 
6780 7400 
2060 5593 
4306 3934 
4532 4873 
6517 7904 
4275 5183 
5362 6561 
4678 316 
4453 5869 
2818 4397 
147 6464 
7181 710 
2189 4409 
2720 5025 
991 3621 
3757 823 
3095 3092 
6000 1586 
5615 1913 
7546 4186 
5431 6577 
3784 6590 
4612 3661 
4419 1807 
5501 6408 
5153 1617 
6074 4518 
5278 3792 
4782 4576 
4261 6110 
793 5783 
5032 7146 
1454 3504 
4259 4639 
1215 2207 
1430 7954 
6150 973 
2338 7190 
2950 6389 
7486 2399 
5812 3 
6529 2434 
90 2314 
6261 1616 
623 3425 
7280 3807 
4383 5520 
5485 7090 
544 1902 
5625 1310 
3569 3094 
5934 1266 
2505 4046 
5177 81 
1000 7274 
952 6914 
3444 6359 
4908 6134 
2760 6629 
6348 928 
3130 5760 
6454 705 
1963 2417 
2291 3472 
6517 707 
3248 5182 
6263 2299 
4041 1006 
1020 7340 
6381 128 
119 4060 
7722 3959 
5965 4635 
7814 804 
7747 6912 
3625 5403 
7350 665 
3466 7818 
5766 7079 
1572 2246 
4766 5351 
4517 6308 
6861 5452 
1914 3794 
1142 657 
3229 2596 
4069 7356 
4513 6582 
6883 2101 
1200 240 
4104 1881 
3542 1261 
7657 4675 
5633 2751 
6126 3794 
5886 954 
4982 2939 
3018 3564 
5799 7475 
7464 5027 
2461 3188 
7441 954 
6596 299 
2270 2139 
7430 3315 
4749 5455 
8012 2503 
7091 4192 
3530 2837 
3715 6646 
7140 2453 
7203 7891 
739 725 
7034 4531 
6220 4889 
7117 1011 
7953 797 
7922 1936 
2804 6514 
197 6886 
7659 4996 
7583 6590 
1183 6633 
2343 7095 
5577 3430 
6309 8001 
3967 1744 
4865 3001 
5207 1043 
2634 5637 
2065 2008 
451 7157 
7760 7186 
5318 2972 
6177 586 
780 2362 
1925 1454 
6243 7191 
6132 4725 
7133 2965 
6757 680 
7576 6335 
4457 2130 
370 1630 
395 4022 
401 2766 
6389 6084 
6710 2431 
2909 7860 
3048 4433 
5946 6933 
4814 3035 
6104 4463 
4300 2911 
5774 1124 
59 3790 
6264 2171 
4494 5174 
7235 2774 
6476 1133 
6746 1289 
6861 2084 
4999 2833 
3659 1223 
4921 382 
6035 7275 
6851 990 
2399 3400 
7703 5999 
2286 1628 
1330 5238 
2189 2282 
2702 6648 
7624 7527 
6900 4971 
3258 7088 
3965 1832 
6307 5184 
4357 7306 
5756 3491 
6561 3322 
2884 2735 
3378 400 
465 2768 
610 724 
7828 2612 
3837 5656 
3873 236 
2581 5750 
2680 5465 
3834 395 
2086 5234 
2583 5286 
7586 1046 
1047 7533 
4392 3566 
1066 7517 
4032 7732 
6340 2356 
8016 6697 
6226 1293 
2049 839 
2603 4805 
6485 584 
5634 1321 
1345 256 
1792 4987 
3866 3904 
7942 3383 
1261 7665 
204 5574 
5049 5158 
2504 657 
636 933 
6727 420 
2481 4624 
7757 6197 
381 1431 
2498 742 
6733 1959 
6200 4179 
801 5162 
5848 3529 
3965 5302 
3606 2927 
5793 2122 
5662 852 
1791 5617 
5793 2344 
257 3144 
1122 7921 
6249 7595 
6229 1230 
533 650 
1245 3211 
6032 159 
7742 3621 
6068 2375 
320 125 
2946 1677 
156 6357 
649 3188 
390 1015 
7102 6908 
3660 2324 
2941 8043 
6222 3876 
5946 1310 
6669 565 
7704 5895 
1132 992 
7171 3365 
6538 3666 
7796 3642 
1714 2729 
2191 1847 
8038 4381 
5285 7727 
5487 2916 
3760 4455 
4120 1148 
7430 2662 
2359 632 
3992 6472 
5269 7133 
3295 116 
5659 5972 
4491 4650 
8025 4724 
5531 6217 
6696 5069 
5687 4425 
6015 6056 
5542 7661 
935 6047 
2418 2659 
3138 4711 
417 3975 
7898 5904 
5375 1359 
6389 1958 
5736 3325 
7419 6290 
5197 3674 
3969 4678 
5575 2946 
585 2193 
1769 6762 
1887 6788 
7022 355 
1236 4981 
3848 2284 
7661 745 
3851 5785 
4877 7876 
927 14 
3796 531 
3858 2793 
151 2296 
822 1236 
2109 4665 
3720 7228 
1434 21 
2209 7637 
900 5052 
6259 7545 
4966 2210 
5331 5662 
4743 7268 
3876 8 
4010 7916 
5207 1473 
7147 8025 
5381 3195 
1373 5799 
6581 3768 
798 2515 
2668 1167 
2406 1011 
4285 6690 
4043 1002 
2044 3907 
5516 7302 
2887 6022 
4403 1805 
6316 3977 
2766 1862 
6729 2793 
6065 1912 
7390 1795 
5381 7256 
2484 943 
1860 4688 
5789 4107 
3263 5208 
1215 4431 
2540 7498 
1955 3320 
3052 6819 
3234 2947 
5281 2243 
570 522 
5547 1304 
6481 4676 
5136 615 
5401 4398 
4786 5537 
5 7136 
3147 6888 
454 5878 
6083 3829 
5103 7324 
1820 7197 
4246 6524 
5367 7977 
5332 1224 
551 1372 
4737 6231 
3778 3460 
6052 146 
2259 525 
3618 2411 
3009 5519 
3204 7953 
7267 2303 
5745 6969 
5818 6783 
916 2007 
4274 5051 
3905 4062 
7118 6872 
2275 5371 
2082 3008 
6522 7916 
7836 8042 
3223 166 
1910 5865 
6458 4185 
7143 704 
1077 4831 
4852 3025 
1037 4886 
5035 6770 
7721 512 
6544 1323 
1519 4449 
5368 7060 
6139 7661 
6438 1029 
4510 5767 
4065 7423 
8056 5752 
732 1568 
4636 498 
5864 4377 
1287 2496 
5558 6487 
4672 178 
5185 6827 
2339 1926 
6937 4535 
976 7156 
4355 1327 
7922 659 
1916 2601 
2945 5313 
1478 4348 
3095 5377 
4501 903 
991 7002 
5646 1793 
7640 668 
3395 4606 
3609 4116 
941 5375 
7315 974 
4419 3315 
1873 7092 
2582 6430 
7704 2270 
6294 6026 
2968 3088 
7116 3173 
2428 5193 
3867 4846 
2790 7248 
5028 5441 
4924 1491 
7846 7267 
7279 5077 
2607 5805 
2095 5555 
586 5938 
642 5088 
3695 2370 
7181 2793 
4658 7890 
2290 3041 
3525 8071 
6085 6878 
5618 5085 
6650 4238 
7387 4322 
5806 4851 
6088 5802 
771 1375 
7872 6850 
1947 4233 
1257 3856 
4181 4918 
6099 4905 
2280 7695 
932 3622 
728 134 
6090 2455 
5768 1137 
7128 2826 
5851 7066 
7734 6345 
7708 7427 
3692 1013 
4308 3000 
3220 5642 
2198 1762 
7007 847 
3165 7068 
650 7427 
7216 34 
5448 3082 
5787 4668 
4011 6178 
7436 1527 
3867 7695 
6111 6477 
3108 7539 
8012 4936 
710 1596 
1902 1540 
1972 2807 
4671 189 
7618 813 
7219 2092 
6624 4457 
7161 6113 
3521 6175 
1572 1949 
7210 4839 
200 7971 
3793 3752 
6309 2941 
1578 1567 
2419 2216 
1466 3276 
6097 3712 
5019 1776 
5612 5747 
2195 808 
1984 6532 
1404 1802 
6448 2500 
2031 4591 
4121 4587 
6520 2026 
814 2305 
7914 1769 
3228 1459 
5560 5074 
7731 1657 
261 3792 
4874 4123 
5015 5273 
4015 6240 
4914 8 
1025 2842 
6906 2354 
7171 6735 
2573 380 
1366 825 
1631 3373 
3763 5495 
7763 3716 
1815 4860 
523 6259 
7738 4135 
4886 876 
6592 2455 
1883 3951 
1382 4453 
770 6057 
7007 5722 
4030 6812 
4292 5808 
4661 739 
1822 2108 
5133 6257 
4055 4445 
4608 1372 
4403 5613 
12 6002 
4398 5283 
2704 1257 
5946 1642 
6802 5901 
2574 788 
3269 6224 
7444 3145 
832 1780 
6050 1578 
5326 6928 
2176 94 
1085 2264 
5388 7680 
3444 7906 
2469 5325 
15 2137 
164 2290 
7020 4786 
6527 7230 
6834 2203 
5121 5024 
3095 7368 
5307 5985 
3533 6959 
94 3579 
718 1206 
7625 7143 
7485 1903 
206 4401 
5213 2818 
1657 1602 
2683 5148 
371 1096 
5188 6095 
5135 6423 
5311 997 
5098 7373 
1100 3772 
1250 7157 
602 1021 
3304 4466 
5660 5630 
1200 3503 
5452 1512 
766 6247 
4643 2250 
4994 545 
7881 2278 
639 6507 
3358 4265 
4334 7196 
2310 6962 
609 922 
7729 6463 
4710 7723 
3450 7149 
43 1999 
6066 1754 
7770 105 
8015 7843 
4852 5675 
3612 2827 
1805 2341 
407 2799 
4148 4405 
1627 665 
2118 6506 
1699 2981 
6380 6394 
2765 4376 
5842 2214 
6943 1313 
7082 1106 
2455 7125 
4703 272 
1535 2912 
5186 2138 
4834 3643 
3103 8013 
4819 4756 
289 7606 
5645 248 
7593 7645 
907 5378 
6707 3080 
418 4440 
129 1105 
1604 3835 
6715 3915 
1230 4291 
1183 7460 
2759 6284 
4494 2057 
7156 7294 
5826 7120 
5915 3391 
6126 1995 
353 4667 
2290 921 
4809 3674 
7090 2631 
5566 523 
2247 6558 
7610 7298 
2928 5336 
187 3812 
1578 4122 
5628 5898 
3021 12 
1716 3278 
7252 6549 
7195 982 
5798 4486 
6282 7347 
3214 5120 
5243 2769 
6429 7037 
5461 2432 
7026 6316 
2538 555 
1291 3068 
3833 6516 
220 5983 
2055 3559 
1912 302 
7969 3682 
3659 907 
4070 5779 
488 6096 
5303 7820 
4757 6409 
7765 4622 
3255 4226 
509 286 
2304 6944 
4201 3371 
3126 7576 
5113 538 
749 383 
1401 1287 
4404 4576 
7607 1796 
5346 6445 
1896 6979 
5219 5955 
5408 3843 
4945 1538 
295 6595 
5851 6218 
8035 5876 
5047 5408 
7919 6223 
6498 3804 
6593 1934 
155 3010 
5077 2252 
1342 430 
6779 4403 
7059 3994 
4255 2712 
4047 340 
3588 470 
6026 6312 
7775 7873 
2364 7214 
4988 741 
3882 4277 
5963 4134 
2168 7648 
4469 4621 
7225 4130 
2015 5710 
2454 3571 
581 2454 
4631 4029 
2503 2526 
3451 3305 
1625 7597 
4233 3984 
2959 542 
5855 7133 
5133 4823 
3166 1528 
386 7313 
3614 3122 
7584 7909 
3368 2637 
6936 1840 
6765 1696 
4096 3338 
5665 2851 
4847 3956 
5781 3182 
1643 7374 
2797 5380 
2302 6681 
6611 6010 
3837 4842 
6111 3739 
2953 2850 
1642 3816 
2751 6461 
1775 1775 
7632 7802 
5305 5355 
5961 5836 
4939 4379 
1043 6920 
1204 1121 
4679 4959 
2706 902 
4884 774 
5375 5937 
7605 7652 
5423 7367 
749 1459 
6146 5934 
2006 2609 
152 4710 
5042 1666 
704 5609 
1991 3042 
7905 6151 
470 1193 
4257 156 
7730 4271 
3953 2250 
5344 7138 
5238 3119 
935 4306 
6537 4895 
2291 5201 
384 4710 
5062 7637 
6164 1575 
5963 124 
4750 5546 
505 6283 
7027 3794 
3094 1843 
652 5563 
5684 2650 
197 2698 
1189 4895 
6588 3791 
6063 1715 
5421 6612 
5711 892 
3726 4199 
542 6121 
4626 1624 
5764 1682 
7229 7440 
3722 2999 
3487 6767 
3742 5352 
1064 6206 
3016 7481 
4111 3929 
770 1823 
2423 5587 
6687 3373 
4105 523 
1657 6152 
3316 3958 
2376 1985 
2519 7502 
5936 2037 
817 3248 
5497 4928 
5887 3886 
6573 283 
5528 6738 
5534 4294 
5432 7877 
5621 980 
1824 4343 
6704 7444 
5566 6435 
707 964 
1444 4471 
6220 7264 
7791 988 
1302 4172 
4301 6540 
4879 2177 
931 4804 
375 1182 
634 7798 
5728 3251 
2616 2817 
9 7960 
4680 2647 
7782 1647 
567 7630 
3063 7209 
1155 6120 
3366 863 
7495 5901 
4158 6884 
6060 6299 
5914 7812 
7689 4373 
7874 7684 
7024 1585 
4123 1036 
7594 7474 
5021 6826 
3721 2614 
622 4417 
3837 1045 
16 6632 
5371 2546 
6709 4755 
4874 7519 
52 1313 
1665 6309 
5288 5329 
5593 2198 
6786 193 
1622 7596 
1783 5457 
7843 7122 
4045 829 
769 4751 
4935 1976 
4670 6053 
276 3311 
3223 6632 
7897 2820 
2099 3022 
1555 6650 
5938 456 
7486 5873 
884 1899 
1253 2223 
1978 1246 
825 687 
5229 7755 
349 5786 
1622 5131 
5549 1785 
1724 3087 
1795 5308 
6326 936 
3991 2684 
4254 5647 
2813 6574 
2035 2256 
7270 8001 
1196 3729 
1808 974 
5201 498 
3854 4954 
1656 5822 
6212 5172 
6568 4031 
1765 6432 
4193 4340 
1155 3622 
2455 2186 
1294 2433 
4999 2759 
3374 2871 
2750 5479 
2025 3465 
6497 5542 
2305 5601 
7306 812 
6919 383 
3888 475 
5258 4629 
6994 6917 
5052 4623 
4219 2598 
5616 6564 
1408 5868 
1679 1209 
1503 7397 
6217 1316 
7516 5347 
7256 709 
7153 399 
7445 5414 
3102 6727 
7151 6499 
3931 2347 
2303 882 
5737 2817 
4622 952 
5777 7965 
5975 7577 
4038 6854 
5649 1337 
1461 2651 
1748 5298 
3164 6595 
4847 421 
6749 118 
6655 1426 
5888 2646 
4537 7210 
4117 477 
4500 6651 
2873 8066 
7370 732 
1376 6677 
2734 2994 
2203 2664 
1677 73 
2430 1779 
1678 7272 
460 6736 
437 6594 
4369 4148 
2072 4529 
5262 7014 
2134 7087 
5164 6428 
1346 2541 
7532 5464 
5510 2661 
5854 280 
1679 6157 
2547 985 
2711 4969 
3806 540 
151 7805 
7050 7253 
6830 6995 
7189 1334 
7933 6939 
27 6361 
1162 3972 
1765 4698 
1310 2577 
676 4508 
5699 2101 
7471 3685 
4376 5249 
2494 4404 
4919 3073 
6092 4182 
1266 3459 
5244 7952 
20 729 
110 5477 
7834 3446 
1119 7596 
32 5748 
3002 1076 
1308 4070 
5221 6624 
6752 1207 
4756 2267 
5678 1327 
116 4521 
7268 6565 
4260 2276 
2417 6266 
2196 3485 
3712 4212 
327 3124 
2870 5672 
167 2568 
4492 7774 
4378 5890 
7102 6438 
6661 2896 
7062 823 
3002 2804 
7458 7842 
3515 4884 
3637 2916 
3362 462 
4005 6733 
6220 8062 
104 4305 
4221 617 
1150 6608 
8029 7690 
7615 6478 
6211 5909 
5197 263 
5467 7944 
6218 7497 
1095 6423 
276 5640 
5762 189 
5879 6759 
6455 7450 
7894 3452 
401 4163 
7018 1061 
2676 1645 
1467 6210 
7784 7149 
485 4212 
2073 2182 
6396 4915 
763 296 
4587 196 
2850 3100 
6333 243 
2072 5285 
5500 2335 
6808 1107 
4903 3131 
2373 1281 
7814 2642 
2850 4484 
5490 1919 
7097 2158 
2174 7677 
5004 1120 
1019 4571 
7041 3774 
5610 1768 
137 2253 
5152 3829 
6044 2978 
3948 7655 
4514 5518 
4866 6130 
2030 4537 
3984 2678 
1071 6590 
908 5563 
2633 4315 
1851 7150 
1263 7243 
4166 2302 
6863 6253 
3715 3798 
408 7773 
7937 4906 
405 6963 
7459 5836 
3803 3619 
7271 6983 
1710 3826 
7176 163 
3333 6210 
1733 521 
7509 4283 
5117 766 
6058 2763 
3352 3415 
3149 5661 
2152 1249 
6686 2577 
512 6808 
201 939 
800 2948 
4598 5496 
1571 3471 
5575 3354 
4744 1997 
1494 5451 
2556 1795 
4409 833 
3031 6534 
1385 32 
3317 7487 
1662 3315 
1989 7617 
4536 8022 
255 4391 
2528 4582 
7726 3263 
5528 6313 
8045 7721 
3547 4131 
5481 2261 
3630 6340 
3234 994 
5571 6270 
4526 4386 
6704 2668 
2654 6493 
696 1340 
5900 5060 
4993 4026 
4336 6093 
4418 5218 
6120 6675 
5594 7834 
7323 616 
5263 4418 
6593 2899 
5495 6063 
1327 1674 
158 411 
4463 897 
4681 3352 
5241 3522 
2776 7060 
4518 1860 
3094 6891 
6296 4574 
789 634 
132 4314 
7821 22 
6676 6723 
49 4537 
4816 2264 
5289 3129 
8007 720 
2038 66 
3376 7302 
3281 2777 
616 4256 
6246 7021 
3091 1008 
5985 1752 
2514 3919 
5475 2477 
735 4414 
1482 2437 
407 2807 
5865 4680 
2251 7812 
6307 3341 
2495 2057 
2147 4021 
742 4031 
2278 2881 
4677 552 
1443 703 
7228 6170 
3445 7730 
2857 6759 
6468 2719 
7610 448 
1145 3439 
6121 2099 
1850 1484 
733 3013 
4986 5199 
6186 2943 
7344 529 
4157 6795 
8045 7681 
4528 5333 
2206 3717 
2705 1237 
4412 793 
7982 3283 
817 6097 
6927 4491 
6950 6020 
2404 1135 
7585 4192 
4872 4404 
3857 1052 
4351 970 
6579 722 
1488 6087 
4067 7547 
1607 6411 
4202 792 
4251 1129 
3006 1928 
435 4855 
6834 3958 
6696 2278 
3144 6337 
7199 5617 
4268 3854 
7872 2150 
6441 2145 
6828 5779 
941 3743 
5285 7774 
1330 7540 
4575 3424 
4873 4715 
7758 656 
3261 2175 
3383 2938 
2937 5375 
4368 1617 
2854 4555 
4126 4586 
3195 6903 
7078 2430 
345 688 
3997 678 
3157 2753 
1153 8052 
1879 4180 
104 3596 
8027 5163 
4606 3715 
973 4577 
1694 3164 
3245 2573 
2734 7740 
2516 3802 
3092 7140 
5005 7619 
2648 7504 
6352 789 
7376 1237 
3173 7578 
5849 4329 
5943 7266 
2778 7367 
3195 462 
2282 3861 
1724 7146 
7793 5432 
1635 3565 
2679 7799 
3849 5520 
1878 4756 
3586 2711 
811 1523 
5600 2471 
6066 999 
5587 4289 
794 3809 
2723 5997 
3299 1644 
7739 1828 
6301 4360 
649 1740 
3251 1285 
2100 2822 
3630 3438 
4649 990 
1037 6793 
6120 7050 
3206 3195 
889 5548 
223 7617 
7320 145 
1258 6821 
6501 278 
5439 5059 
7021 4231 
3714 6957 
7156 885 
1363 2124 
7958 5083 
6847 6470 
1357 3656 
1665 1618 
7257 1732 
6539 1096 
5805 4820 
3544 5636 
2845 4670 
2931 3128 
352 7197 
4267 254 
7672 6736 
7669 2893 
1425 784 
3708 5562 
8047 5375 
2899 1508 
2471 4201 
5583 6841 
3265 4617 
7621 4464 
4579 2817 
3182 2903 
282 1511 
571 3441 
6396 2008 
2316 617 
6119 2192 
3869 3330 
3279 4772 
6607 3333 
154 5480 
3364 2705 
1229 5482 
7238 1281 
3047 5221 
6478 1556 
1796 3949 
7217 4576 
7495 451 
2179 3915 
1342 7607 
2645 6970 
7157 6694 
4723 6084 
466 460 
2159 244 
534 5278 
2198 1856 
3068 2357 
3437 6449 
957 5300 
6735 4494 
7020 6842 
7341 7545 
7050 6539 
255 6447 
2057 849 
4826 5889 
7983 5670 
4970 1639 
2808 7522 
2000 409 
7712 2125 
3000 6823 
5338 732 
3831 6731 
5721 7745 
1342 7195 
1933 6340 
3602 4893 
1521 1507 
7436 6224 
4798 7888 
2000 359 
1668 6965 
3453 8004 
5872 7614 
7640 4184 
2165 5084 
471 3145 
8027 1117 
6859 4250 
3762 4440 
7003 5229 
343 4201 
6730 7879 
5055 7660 
2961 2820 
2810 7086 
6494 8075 
5918 5428 
41 2448 
5044 4161 
347 7136 
3461 5138 
2404 2893 
1007 365 
1168 1084 
6474 5127 
2642 1710 
1166 3844 
4823 1736 
309 1687 
2688 7070 
4821 7911 
3624 3279 
5507 6380 
4141 4237 
535 938 
3932 3990 
1663 1548 
3363 2044 
5852 4304 
1617 7732 
7361 76 
8015 5419 
3071 3979 
4202 4986 
5094 5167 
7653 5739 
6467 3051 
1169 5221 
5407 3345 
2190 7243 
4529 3760 
6847 74 
5961 900 
6828 790 
6794 1447 
6120 4143 
6225 3129 
4482 6496 
5412 6690 
190 3175 
223 6341 
213 3833 
5221 7968 
4103 787 
4504 5186 
2148 4350 
643 3295 
4950 1537 
1648 5122 
7712 482 
3580 4604 
127 1305 
1646 2501 
1009 2648 
1359 3699 
5940 1813 
6492 5115 
5674 7534 
775 6803 
2907 1084 
4177 3167 
179 837 
2288 4556 
3536 1657 
1824 6108 
7065 380 
5383 2576 
842 7801 
4629 2687 
7000 5993 
1058 1525 
1508 1646 
6262 1426 
3089 5960 
7492 115 
953 6225 
6281 2439 
2107 1999 
7746 3176 
330 846 
3922 6094 
403 1856 
113 7427 
2939 66 
6547 5889 
1086 5907 
2497 5217 
3836 7799 
5940 4067 
6396 3446 
3157 3675 
1021 528 
609 4944 
2441 7405 
1336 6728 
2517 1203 
787 5667 
988 2121 
5702 848 
4081 901 
2201 7439 
670 6345 
650 1140 
1723 196 
1695 2301 
4655 2594 
5290 3227 
3512 6003 
5919 2316 
168 6836 
7495 2612 
7188 1999 
2061 4257 
2243 2520 
552 3544 
5625 1997 
4093 2749 
2541 4536 
2249 6644 
1977 4900 
593 734 
6489 7117 
6088 2185 
1058 8026 
5373 3389 
1262 7306 
3078 4319 
740 4733 
1400 2820 
4816 7453 
1537 2896 
6699 627 
1724 4558 
8 3681 
7059 758 
7046 6001 
5341 1888 
7673 3602 
5290 6180 
3125 7152 
2424 7015 
2862 6314 
2706 6732 
6186 1831 
4651 7038 
7438 5601 
3766 3996 
4467 557 
698 6909 
2771 2740 
7034 2441 
4262 263 
7241 1788 
5086 6848 
2206 2561 
5273 675 
6046 6032 
4975 4358 
317 1628 
5197 987 
2909 1432 
7622 178 
2743 3567 
7082 4020 
4499 2196 
6655 1617 
4551 3928 
1897 6005 
2567 960 
3190 719 
4133 806 
1110 3044 
3250 1506 
938 4707 
6772 7608 
3352 6321 
6753 4529 
6017 4454 
2344 1631 
1239 7556 
2651 3353 
1521 4616 
5249 3755 
3345 1545 
3579 433 
1190 3474 
12 3484 
7082 2488 
6274 3066 
4253 3981 
3035 6931 
5695 3835 
2193 2811 
1447 3570 
4111 226 
3392 7597 
493 6676 
5544 3701 
7670 7857 
774 1613 
5595 1643 
756 4584 
6782 5222 
7938 3804 
2563 4935 
7614 605 
2263 4241 
6233 4162 
6275 607 
5407 4814 
5635 519 
285 3658 
169 2866 
4089 5899 
1801 7283 
6996 1314 
1661 6253 
8024 6396 
6907 3675 
4608 4789 
8043 4567 
1384 6698 
5683 5990 
4647 3443 
4899 7237 
6738 1811 
7009 380 
7676 1263 
3522 5475 
671 7576 
4035 7884 
3836 267 
1583 4217 
885 6309 
1968 3128 
5685 6770 
4031 7803 
7640 5644 
3232 7005 
7829 7742 
2448 1531 
1939 5859 
345 4431 
394 1781 
283 4865 
6643 4748 
5215 1704 
5420 3043 
4800 5767 
6003 3950 
3915 7330 
4828 1602 
7893 5176 
738 3606 
6619 409 
77 7509 
3799 123 
6881 652 
5983 1216 
210 1223 
7219 3083 
6286 2729 
4607 1507 
7713 7230 
5264 276 
6542 5803 
4705 1644 
4721 6258 
1565 3544 
1396 8019 
3609 6763 
7725 5429 
6591 3843 
2337 3290 
6553 4091 
6609 730 
6688 7089 
779 5010 
579 4288 
4603 5714 
7750 5658 
7695 74 
3938 4214 
3844 3834 
4025 80 
4233 1506 
3196 1589 
7217 5112 
195 686 
5719 5493 
6666 3796 
7189 5667 
1560 543 
5017 2694 
6645 1756 
488 4848 
432 2468 
3964 6325 
2197 5903 
6439 3477 
7375 4767 
4115 4997 
4915 7993 
7466 7285 
4860 2075 
159 5011 
4421 5559 
6451 7438 
2012 810 
4284 3713 
4877 7540 
7882 7590 
74 164 
6311 4449 
7577 5397 
870 4915 
38 813 
4511 2054 
6785 3571 
6598 654 
3414 2222 
764 4072 
7593 6276 
5865 7085 
3850 5551 
2897 4987 
3164 37 
2836 3070 
4083 4157 
5259 1970 
553 3547 
4084 72 
952 1735 
1544 7933 
6854 6929 
5018 4985 
2772 7166 
1842 533 
5563 7892 
5069 2876 
5275 1858 
1654 2841 
1984 7006 
6312 2706 
1850 1024 
4615 6684 
3064 506 
2302 2735 
4489 4914 
4909 1403 
2228 6103 
1091 4504 
4926 984 
682 1293 
6839 7226 
5076 3306 
8016 3683 
1778 5152 
3971 3880 
6666 2054 
5845 5972 
3975 1071 
2446 838 
1712 3211 
373 2335 
7176 4356 
6243 5986 
4741 6504 
3204 6978 
1595 5326 
7703 7543 
2729 2270 
8016 4085 
6987 7727 
3429 4202 
6362 5689 
7318 3854 
3000 3853 
250 524 
4683 5169 
4847 505 
2442 1223 
2418 3868 
2914 7759 
2062 7268 
7946 2010 
4090 6671 
7102 2738 
4386 5275 
1475 1755 
7802 2639 
6344 907 
6531 5599 
5707 3400 
4641 64 
4025 7052 
119 2598 
4582 673 
7458 5589 
4987 4465 
3390 4634 
409 5469 
6550 911 
5809 2132 
7784 5650 
2339 5066 
697 4406 
535 7118 
412 2667 
6378 6247 
1996 310 
5561 1427 
6333 5678 
5409 6452 
4993 4750 
1086 278 
6088 7844 
4925 1497 
2079 2943 
8040 6666 
2625 7800 
638 1586 
102 556 
3702 5267 
1349 1939 
7412 7093 
6611 3133 
4243 850 
2186 3378 
6907 7352 
4429 7839 
4278 5405 
6548 5384 
735 3536 
2440 850 
2668 1049 
2761 6726 
6606 232 
313 6338 
8029 239 
3278 7068 
7701 1973 
336 1102 
4871 1859 
1120 7634 
7479 3661 
1890 5050 
1420 2834 
1478 4875 
3633 6787 
1604 2048 
6656 3404 
6340 5616 
3395 3003 
1683 4182 
5314 1691 
3139 7751 
6918 7726 
5104 7374 
7520 5925 
7152 6421 
6947 1353 
7121 7444 
1895 2922 
3674 7301 
448 7592 
2160 7889 
3110 3401 
5775 2719 
6655 3391 
3218 5110 
5809 4984 
4988 6236 
3882 1724 
5622 3856 
1187 4975 
882 5389 
2262 4670 
7684 3031 
2993 4478 
2481 57 
1304 3482 
4162 655 
1103 2465 
780 3068 
740 5400 
574 5457 
7397 502 
5191 841 
5405 7094 
6228 7145 
668 56 
7269 4817 
2764 2646 
207 767 
4376 7914 
1799 2752 
6221 4240 
5477 2316 
1598 4719 
1800 3756 
7034 4723 
3529 8043 
4869 2643 
1882 6991 
4444 5392 
8016 1598 
1531 3253 
430 2134 
5403 5435 
1870 222 
6591 51 
3851 1230 
1862 1921 
6529 6967 
475 6125 
6121 6961 
2608 5947 
3777 3408 
3165 710 
7635 5092 
1178 4737 
4770 8013 
4735 1554 
7901 4262 
4522 6056 
6700 4848 
3266 6577 
753 6761 
6699 1823 
7415 2266 
2899 6499 
7037 4956 
6293 4104 
1532 6215 
6896 1264 
4300 7185 
7158 3098 
1200 4799 
336 4268 
2946 5379 
1776 7024 
3171 7614 
2228 3221 
5019 6901 
6377 465 
3772 4495 
615 157 
5666 5527 
5285 6174 
3987 6525 
1773 2108 
4844 7856 
7813 7677 
1380 3586 
5933 565 
4081 5030 
1145 420 
7204 4578 
2161 5185 
602 3562 
1753 1569 
2187 3406 
4664 4270 
4279 2677 
6579 4304 
132 2340 
8033 7574 
885 2924 
6496 5995 
4309 960 
3418 4501 
2570 5621 
2289 2172 
1038 3745 
6814 2760 
358 3574 
5074 7321 
1489 6462 
2534 2182 
472 2750 
2268 7942 
3798 3731 
6558 5393 
1201 94 
5360 4368 
2186 4383 
1113 93 
5362 5138 
1383 2668 
7604 6882 
752 6270 
6832 7988 
5649 6460 
4490 3644 
6706 2847 
1215 6434 
4163 277 
4220 1963 
1343 616 
6681 6227 
4150 839 
5300 53 
5735 7328 
2579 5466 
2429 1159 
2704 8058 
6353 3614 
135 4486 
2168 3833 
1840 6853 
3443 6648 
7746 1039 
3728 4695 
5171 6310 
5854 8033 
3449 7084 
6428 4581 
3687 4762 
3951 3880 
5118 6583 
3077 648 
160 78 
1107 7580 
1093 7939 
7195 7120 
46 2959 
2841 7101 
7663 1997 
3975 2267 
6181 6238 
6664 4981 
7943 5376 
5769 960 
4943 284 
3022 7998 
2018 5872 
6384 134 
5826 3556 
4619 1110 
7330 6831 
3263 2687 
4709 1012 
2186 7361 
5232 2293 
2114 298 
7484 4398 
7685 3567 
4787 1245 
3167 2989 
1953 5247 
3680 5733 
3524 1959 
7519 2476 
6026 6009 
5184 4455 
5723 5110 
1723 4270 
6314 7155 
1513 2704 
5198 6782 
64 5586 
1374 7940 
4844 2930 
1240 6103 
2883 1148 
1040 6851 
6270 7482 
2699 3046 
2562 7203 
7900 5883 
3915 6494 
6712 5943 
4674 6622 
4104 6401 
4102 5714 
6081 2638 
5237 7885 
2052 4975 
6348 3314 
3491 7966 
3392 3233 
1534 3720 
2064 3979 
415 6932 
6769 2987 
1907 5646 
3200 7280 
6699 4634 
522 5439 
5203 4814 
6982 6605 
102 77 
564 1958 
1242 6365 
1970 6345 
1614 5781 
180 7982 
3253 6116 
3649 1307 
1956 7147 
2936 181 
426 4349 
5235 7642 
6138 6705 
4346 2332 
8052 4256 
5440 3526 
3172 3446 
2664 3061 
5252 2126 
5226 7563 
3142 6352 
5046 2854 
3700 5502 
1976 748 
7761 7821 
6314 3952 
6236 2393 
3845 3101 
6772 6988 
2078 5631 
1908 4859 
3920 1447 
5087 3490 
4726 6819 
1378 7261 
5044 23 
512 4562 
6187 1273 
8041 7858 
5473 1524 
6016 3464 
5700 5360 
4041 5331 
6402 3621 
7727 1237 
7108 2664 
2612 4749 
5337 6432 
6138 2413 
3561 2427 
6825 8014 
6236 6963 
6947 4085 
4780 1125 
2710 5399 
605 2324 
3784 3288 
4315 5446 
2443 5896 
5668 587 
4025 7606 
4773 6243 
6633 4860 
6377 7174 
7318 3996 
2462 4412 
3765 7613 
5952 4094 
4631 7848 
566 7465 
2242 1292 
530 1706 
6879 2433 
824 1774 
3598 5070 
7064 5455 
6880 2122 
4390 5257 
5942 4626 
3565 6144 
3221 4630 
6060 4771 
4854 6760 
2044 681 
5217 7937 
5973 2917 
4682 1390 
796 5273 
5860 3764 
6279 5066 
4731 1948 
241 4377 
4196 4764 
4639 6367 
6135 7042 
2140 61 
4666 873 
2786 840 
7656 418 
6448 1652 
3653 3150 
2636 5870 
7091 5609 
7162 5646 
6201 6914 
6933 3655 
5864 2587 
5351 5070 
5154 7151 
7693 7772 
7027 4184 
7507 2292 
7485 5995 
8073 2582 
1770 3830 
6362 2138 
4627 2261 
1259 6131 
1435 509 
3982 5319 
7149 2684 
4375 5218 
2861 500 
2782 5476 
6377 2994 
4052 5512 
3171 1851 
7382 2839 
3483 5945 
2593 3008 
764 7678 
7785 7789 
4679 5839 
7626 7293 
5613 1636 
5665 7370 
7287 3526 
2408 5418 
5750 761 
898 7802 
5843 6779 
6541 3811 
3645 6149 
5916 1956 
2240 3463 
7638 77 
4751 3760 
1451 3889 
999 6790 
271 1335 
1607 7563 
7176 7945 
1055 320 
4573 5757 
3132 4019 
7744 3368 
7710 1498 
5962 7272 
4196 5615 
6769 394 
4461 6921 
5689 1440 
4525 1838 
5347 4607 
2356 7322 
7233 3100 
4624 95 
482 3416 
5034 1349 
2145 5308 
1043 1869 
1742 4896 
3611 5420 
2243 1845 
3733 3321 
6303 2343 
5601 3829 
3923 7673 
3081 5189 
7998 7369 
2122 3781 
4059 7897 
266 3703 
3239 7778 
1255 84 
4199 6466 
777 7181 
5977 3215 
4403 4319 
7954 6614 
97 7279 
7533 1856 
4916 638 
1975 316 
158 501 
572 2266 
1537 6535 
6175 6929 
3640 3558 
4312 214 
1475 726 
7671 5341 
4634 3399 
4846 5152 
502 6022 
1333 7013 
5401 5986 
3998 7824 
1447 5922 
1717 7237 
5803 4478 
5807 6826 
7451 5084 
7423 4742 
7303 2060 
7292 7399 
4171 302 
1606 61 
6330 1591 
150 599 
3871 184 
2585 6735 
6810 2038 
4480 7649 
4100 5884 
1553 4205 
3955 2138 
4752 5078 
5806 7681 
5565 5187 
4221 2765 
4681 6335 
1671 1342 
4001 1052 
7800 7204 
5415 2743 
4063 172 
3090 4012 
458 1684 
4832 1654 
6751 2210 
2689 7528 
7375 6753 
3925 2683 
4426 2785 
1656 4930 
6928 6134 
4129 7085 
1243 4441 
6721 2776 
2136 445 
4082 2646 
4610 4863 
1593 6393 
7405 6832 
63 1126 
3445 6843 
5690 570 
157 3444 
5632 5489 
5302 3509 
5091 2312 
3202 4963 
6870 8001 
2935 4518 
2859 870 
1794 5421 
5216 5758 
1747 6076 
7436 1904 
498 1873 
204 3060 
2782 6218 
309 6230 
6331 2397 
1303 2428 
7580 1286 
5989 58 
688 556 
2774 4983 
3952 2116 
5907 4270 
1086 6485 
6238 6974 
7877 4773 
3923 4068 
7456 3210 
7781 2865 
4205 1928 
2244 7363 
5845 1285 
5145 6069 
6130 2030 
6594 1307 
4256 138 
7394 358 
2027 4886 
3325 2158 
2489 5080 
1807 733 
3711 6236 
2109 317 
5328 7552 
5316 380 
7802 4682 
6906 1934 
607 141 
6485 7238 
754 1939 
7830 798 
3749 1376 
3327 3716 
2993 6712 
2537 620 
1460 6104 
3417 5692 
6835 4791 
4542 2586 
5396 3601 
3035 6716 
6748 3034 
111 4781 
4222 115 
8068 1439 
3817 1847 
4899 6516 
3625 4618 
7700 2067 
2565 2448 
6434 2253 
1344 5308 
7406 2234 
6042 694 
1977 725 
7218 1913 
3750 52 
125 1113 
797 3021 
5001 1725 
2914 4913 
4588 4620 
896 537 
2793 1847 
2127 5825 
700 4433 
1907 7577 
3067 7829 
6785 2586 
6622 1328 
3215 4382 
2005 6967 
200 5604 
4085 4425 
1405 4730 
7799 7724 
7868 852 
1956 5869 
5459 4455 
4360 2428 
957 733 
282 1779 
7379 6066 
5946 1189 
1097 7648 
2874 3011 
1830 1144 
2953 7519 
4552 1209 
6769 5806 
3243 4466 
5085 7692 
1689 1325 
8050 7125 
5288 6434 
2428 2067 
1271 7559 
1334 6783 
3455 8006 
3955 6401 
711 5104 
6728 7326 
2259 5477 
3127 2877 
604 7622 
7741 2382 
5160 6024 
702 6422 
3572 310 
2214 1599 
2299 1375 
7228 425 
5089 4360 
2196 6585 
7247 5273 
6073 4933 
583 3177 
7110 5101 
6870 6852 
7945 6056 
3283 594 
1260 2804 
1107 4447 
3017 1117 
2945 4945 
6228 7801 
277 7208 
2075 7029 
6657 5416 
4072 7901 
5286 5994 
2063 5685 
2855 1993 
4378 3028 
5479 7909 
3824 7553 
4120 1061 
5284 5936 
4272 2733 
3333 2211 
2191 4268 
2001 7779 
3949 4521 
4026 392 
3583 961 
3346 3926 
1107 492 
5477 3510 
2141 7020 
5547 7235 
222 6630 
5779 479 
403 7861 
3459 53 
6966 3569 
43 3737 
1537 224 
312 3887 
2068 240 
3404 1452 
5900 6677 
2439 4112 
3741 3881 
4703 5149 
3680 7782 
4683 3472 
6290 3080 
2623 261 
3180 473 
3087 5293 
6772 4789 
8059 3828 
2309 424 
601 3465 
742 262 
2931 806 
4876 4602 
7015 1944 
5546 2309 
7101 6275 
383 7519 
2487 1460 
1905 4710 
2402 5466 
1093 4650 
1496 4203 
7087 5032 
7212 2527 
4299 567 
4045 1243 
6671 5481 
6907 708 
75 7882 
3162 7119 
6237 6796 
2833 5316 
4993 6917 
5392 6206 
2501 6050 
7112 1633 
3668 813 
295 6841 
7669 7988 
3013 4777 
6689 3956 
5630 772 
6904 6884 
323 2376 
4858 5699 
1540 1046 
7015 3015 
2493 831 
5602 1392 
3555 1253 
7874 7529 
792 4732 
7034 4704 
7049 4789 
777 4966 
5758 5185 
3995 2947 
3514 1397 
1125 2774 
1410 5021 
664 7153 
5606 4861 
500 1688 
6212 6435 
6154 1002 
4785 5980 
5726 7153 
4358 4201 
1445 5685 
1663 6167 
5111 2256 
7749 7782 
5226 4758 
1888 3068 
7935 7263 
5830 3144 
121 1335 
3894 1358 
5157 3471 
5099 56 
4748 6275 
329 7812 
7878 1697 
3708 4823 
2439 4122 
5964 4315 
3512 5117 
2474 6828 
6864 1775 
5897 5478 
3053 3138 
4396 1081 
7470 3916 
999 6383 
658 2758 
6117 4328 
1173 1517 
5601 2701 
1992 2441 
2784 7912 
1325 3113 
6887 7584 
7427 1770 
22 7986 
7507 1346 
5 5546 
642 4566 
6904 2703 
4315 4053 
2944 380 
2068 5262 
2718 4184 
5682 3758 
3506 2048 
649 3420 
2601 6693 
2222 4945 
3948 4276 
8057 2913 
4679 6615 
3699 2672 
18 5218 
1682 6125 
6588 48 
691 1637 
3310 2210 
6964 1494 
3851 7169 
5824 4203 
3987 3489 
6175 5516 
5130 7006 
7426 1732 
532 3329 
1304 3979 
7963 5258 
6185 804 
4295 4824 
480 7596 
2949 7127 
2704 3180 
249 1863 
6651 3773 
6055 749 
945 3685 
1188 4155 
4493 813 
4436 3201 
2812 1763 
8042 6401 
5976 7515 
4994 7757 
4252 2937 
3407 3900 
1540 7142 
4569 164 
1497 7870 
494 6506 
305 5650 
1617 1372 
2974 5785 
5212 5733 
7274 1404 
1683 6264 
877 7735 
2137 5688 
2482 1609 
2977 6338 
418 4037 
5659 7092 
7311 1182 
2676 4523 
460 5998 
2673 868 
6381 5555 
1146 207 
7866 3730 
6218 7227 
3751 2070 
4215 866 
2240 5041 
3203 7010 
4596 1218 
6707 1310 
1522 4412 
7532 5739 
3223 7749 
6134 433 
3925 5110 
5073 6645 
937 5146 
5213 5874 
6482 1340 
1881 7445 
7715 7029 
6618 4431 
6472 1825 
2589 800 
6912 1765 
2298 7646 
7536 1464 
732 3042 
7901 4914 
4360 553 
1692 25 
3119 157 
7929 214 
3425 4113 
290 4083 
3723 1507 
3895 1888 
1857 1667 
4438 6873 
1797 6515 
2197 7036 
2046 2349 
5910 5231 
2508 1916 
1269 2339 
6899 5649 
7652 2352 
6584 1958 
848 3689 
4673 1032 
2192 5093 
1020 5767 
5769 7686 
1207 3959 
3836 2241 
3262 7832 
3693 6650 
2778 4263 
421 4949 
1187 6206 
2516 4570 
2170 7622 
3130 1716 
3864 3331 
6625 2859 
597 2004 
2758 6370 
4985 1399 
4419 6402 
3404 71 
6078 1553 
5645 1413 
5266 7032 
2288 572 
1294 1792 
4768 3783 
3929 4202 
4229 5457 
5971 3936 
2203 300 
7347 6361 
7855 5550 
3751 6123 
7616 4547 
4513 2929 
7390 984 
3511 5582 
3989 265 
5221 3644 
6176 7696 
552 2022 
1849 1144 
5968 7256 
3286 5258 
7649 3188 
5612 4706 
6865 4008 
3036 4398 
1943 2531 
682 6510 
3771 7391 
432 7807 
4018 230 
3682 7696 
7142 7399 
5093 7578 
1165 6155 
7756 4199 
1446 6792 
3500 4284 
2715 802 
794 1930 
2366 450 
1724 1186 
4483 4571 
2933 2567 
744 6268 
7121 1139 
2699 56 
1048 4570 
6768 7380 
5472 1252 
7763 6516 
6000 4087 
2258 1577 
6875 4586 
4034 1603 
285 6516 
3912 7986 
707 2250 
3303 3870 
6911 956 
4027 7268 
5179 7123 
231 2301 
6203 4924 
4731 7592 
5466 7547 
7178 8041 
2426 4056 
6335 6056 
1439 3609 
7233 5864 
4898 44 
965 3146 
1301 7233 
5815 7083 
3727 1139 
3090 1773 
1377 99 
7939 5790 
1432 6845 
6332 360 
7449 2883 
2621 367 
8036 6376 
3075 3482 
4816 1138 
4024 8050 
1164 7446 
3004 3068 
4445 2043 
7296 4359 
4364 6423 
3763 659 
5681 242 
1786 2958 
4299 785 
2817 4027 
6018 7860 
3305 5656 
1286 6338 
763 4140 
1624 861 
5236 790 
5766 5212 
7360 6207 
3629 7574 
4833 6997 
5635 4915 
1960 5161 
3534 1282 
4153 3242 
4686 6 
4653 5460 
7130 2166 
3770 6330 
577 5 
6051 2132 
1090 1316 
5278 5520 
5539 5396 
918 5183 
1297 2993 
6675 6860 
3764 5955 
4614 654 
1721 7567 
7504 4237 
3134 3017 
1538 3940 
1014 3992 
4205 1287 
3111 3735 
44 3005 
2642 3368 
7488 8 
2703 6183 
2161 943 
5291 7493 
2997 2827 
7694 3820 
1823 5039 
4923 4401 
1637 669 
3963 366 
2584 7394 
3229 7183 
7642 6098 
5080 5894 
4079 7918 
2807 4555 
3166 4293 
7263 5812 
1831 795 
3978 587 
6670 4867 
7844 7733 
641 609 
1821 1071 
6336 1706 
401 2978 
6775 5986 
6310 3683 
6684 7422 
5071 6436 
3544 7825 
2800 11 
3684 6818 
6737 4617 
7930 8020 
2513 2030 
3893 6374 
7537 7492 
6716 4675 
1627 3373 
7427 1318 
329 2494 
4789 6054 
824 7468 
2087 986 
4268 1841 
1281 2253 
1403 2294 
2721 7259 
4668 370 
7538 1732 
6278 1408 
3587 4314 
1066 7785 
3432 3274 
1948 5532 
3104 4740 
1598 626 
5322 4090 
8024 5344 
3832 2953 
5747 5720 
3847 4984 
4967 3777 
6967 2504 
7400 5572 
1031 4679 
1310 4955 
2656 2754 
837 6916 
3087 6358 
3852 4143 
5711 727 
4715 1510 
3066 2675 
3248 443 
2875 7345 
7227 3884 
3247 2914 
3962 5287 
7138 6920 
7020 2406 
2842 3805 
70 1502 
5829 7948 
5590 720 
5642 1073 
7180 1028 
7859 3635 
5364 1666 
6205 596 
3005 675 
4167 953 
6786 1861 
3432 5142 
1297 508 
4571 2743 
5318 4046 
6834 3159 
271 4471 
2989 3954 
4978 6817 
4293 4960 
7992 2168 
3269 6340 
3918 717 
982 5321 
6591 6418 
5388 4341 
5457 1768 
656 6488 
2889 4386 
2682 527 
4401 2249 
998 2310 
7706 543 
6583 2128 
2728 4740 
5596 3905 
4677 3770 
494 6917 
3799 2006 
1494 5736 
6499 4628 
3037 5069 
7456 1829 
5208 6816 
3469 6646 
3498 1526 
6704 6723 
4649 5516 
3883 1368 
3635 3500 
7439 1328 
4729 6788 
462 7974 
4471 2286 
4819 7087 
787 6647 
3121 502 
4776 5676 
2780 7657 
5126 7351 
3945 7932 
7088 1238 
491 900 
7146 3592 
7519 6986 
1511 1352 
5297 7191 
4710 3917 
6354 1486 
4118 2696 
2863 7733 
5968 7801 
2329 967 
7932 5355 
6994 4373 
714 2824 
1231 1948 
6869 7558 
1833 8039 
4590 6911 
2804 3427 
7540 4445 
2087 6065 
6004 7199 
6362 5614 
3642 2224 
1288 2772 
3136 6229 
7741 5256 
4807 1289 
4704 2197 
436 7714 
4138 475 
5097 7360 
7176 1578 
984 4901 
6461 205 
5096 3341 
4676 7030 
5579 1325 
7884 6723 
2122 4602 
7641 7502 
1438 3457 
3898 2323 
4008 1966 
1434 4894 
4444 4323 
911 3123 
6491 7477 
2532 1902 
6910 1250 
7781 6283 
4558 3052 
4296 604 
6517 835 
5911 1940 
4097 1495 
2927 7204 
1367 5876 
4188 6874 
5204 4290 
671 6745 
7550 165 
5068 4624 
36 5858 
6689 7055 
7387 7975 
5949 578 
816 1002 
923 5695 
2420 5068 
1109 8050 
7574 3084 
3211 7262 
461 8003 
3539 1948 
8037 7107 
127 3628 
2543 3569 
7227 3328 
7874 3020 
7247 2883 
20 489 
5626 2201 
1198 3852 
3917 5937 
5735 1470 
1689 5060 
2160 3893 
4714 4737 
5552 5787 
4426 3590 
2433 4945 
7059 2654 
2647 4011 
4320 2780 
1237 2688 
682 905 
3092 772 
7855 6877 
5187 4165 
1166 4272 
2867 1610 
7962 4890 
476 1626 
2487 4368 
3533 2939 
6683 6070 
3623 7372 
7604 3551 
776 2106 
429 4840 
3045 6680 
6116 6538 
7740 979 
1138 7573 
7345 3408 
7388 6358 
5166 2946 
7447 6743 
4087 6591 
3912 1439 
6361 2113 
587 5621 
3733 3328 
4002 758 
7872 6513 
1973 5608 
8050 1153 
8005 5140 
581 2383 
6994 2516 
2316 3082 
1558 2590 
563 3094 
1088 3963 
321 2504 
479 4080 
2390 1728 
2947 5401 
4590 7446 
2293 121 
6941 4622 
6462 5317 
1723 6973 
5905 1929 
847 625 
6697 3737 
5345 7575 
6654 652 
6614 711 
3516 7596 
7090 780 
5914 6417 
5669 1411 
3784 5327 
7222 7621 
7306 7820 
6613 4861 
257 1746 
6771 5665 
5355 1431 
3869 398 
4089 1522 
3341 1242 
1476 6517 
1639 5318 
7864 3548 
813 2058 
4052 2199 
5873 3112 
4837 7353 
2842 7005 
3382 5672 
2203 1563 
665 4369 
7929 2417 
6024 309 
3549 3817 
6135 3023 
7312 1424 
1592 5409 
1638 110 
3110 4769 
1418 5216 
5812 7562 
2390 2140 
914 4004 
759 1163 
3130 7100 
1247 5147 
7974 4126 
2286 89 
6851 920 
3980 5540 
7614 7328 
8066 6559 
3584 423 
1025 3140 
7664 7802 
4819 6468 
4225 1419 
7072 6890 
206 7685 
1612 360 
6895 4148 
1104 1970 
3302 398 
8032 1543 
2894 5114 
3861 6722 
1454 2206 
7649 6476 
4548 3736 
5586 5546 
2897 4395 
6099 7138 
924 6052 
4557 3371 
7104 5475 
4797 347 
863 6165 
5130 6142 
446 660 
5089 6819 
6802 268 
942 222 
7855 117 
7838 4580 
5058 7490 
715 5799 
7665 5487 
2035 4222 
4546 1557 
3782 5424 
4124 6351 
4183 2739 
4682 5263 
7726 4540 
1044 5581 
7336 824 
7147 6933 
7317 6328 
3847 6479 
4583 3403 
1663 746 
7127 4334 
7352 4481 
1018 4130 
482 6334 
3391 1359 
4616 595 
1012 4267 
4522 7969 
2793 7002 
401 8018 
2074 3626 
7391 4733 
7367 3135 
2411 6062 
7046 8071 
49 5484 
1601 1222 
4801 1107 
1989 7860 
4947 6508 
5963 3833 
8038 3346 
4147 7798 
6589 4552 
298 1685 
6537 3578 
5764 5876 
584 5766 
4464 6925 
2731 913 
7931 2288 
933 1451 
3000 3715 
4280 5407 
580 3211 
5100 2710 
5423 3619 
2540 693 
967 247 
1439 2211 
7344 5963 
6139 7122 
5899 4189 
4627 924 
877 3648 
112 5166 
7087 2465 
7973 5746 
4865 1421 
7201 3372 
5684 370 
174 1028 
4936 6722 
8034 7396 
4818 3924 
3470 6188 
2572 1037 
2731 7850 
7954 3958 
5265 7703 
1554 110 
5525 3198 
2531 3635 
4817 2565 
1761 8047 
6629 6278 
328 2247 
2227 3783 
4391 5548 
7330 1829 
1147 312 
6608 6308 
3391 3576 
7457 5743 
5549 7268 
930 5443 
8037 5179 
4662 6433 
3181 2664 
6519 7026 
795 280 
4861 2113 
2985 5983 
1369 3046 
6806 5931 
5047 2035 
3900 5475 
2964 3049 
5643 4735 
8074 1509 
6594 387 
3632 5693 
6617 2276 
6011 168 
6352 5633 
713 12 
2418 5088 
2299 627 
5306 3686 
1293 3547 
5103 1869 
1327 6944 
5767 7403 
2309 1537 
1715 4271 
1662 5998 
1082 1934 
1425 5038 
4148 4062 
6876 4436 
1243 3997 
6139 5984 
1642 6053 
7331 964 
1891 6338 
7631 5871 
4827 1941 
4666 5324 
65 2198 
5207 2667 
2888 2897 
164 2945 
2893 2579 
907 4897 
4895 2378 
7513 2846 
7358 5486 
3078 7282 
2231 1470 
5143 1041 
1655 1946 
5545 5129 
3946 7734 
3014 5841 
3597 272 
5980 7183 
627 2538 
3582 7947 
3541 5990 
6238 7158 
7476 1541 
590 2668 
581 5208 
2623 6644 
4468 5283 
5600 6811 
7427 6141 
7365 4354 
157 685 
7069 188 
4576 5913 
2349 6494 
5930 4892 
4333 2049 
5222 808 
6692 882 
4863 6413 
1459 4992 
1030 6618 
6067 5545 
5939 6621 
6440 7717 
4581 5037 
7352 2687 
1203 3224 
1743 1251 
2092 4174 
2107 4933 
6237 2401 
3285 6007 
2964 264 
7632 513 
1214 8063 
5273 990 
1434 5548 
2283 5575 
7406 4943 
5399 5779 
1943 3502 
1087 1302 
3407 1302 
4924 3388 
1357 775 
1591 1540 
3348 1446 
6435 1873 
3831 2369 
7918 793 
8009 2071 
6713 3486 
7209 6095 
6198 4383 
4255 2562 
7670 91 
334 2699 
315 4178 
7040 4262 
3332 621 
497 7781 
7400 3365 
4725 3198 
4011 133 
5050 3717 
968 2195 
5154 3717 
1445 3607 
4977 23 
2337 5681 
3434 8023 
5523 1008 
5272 1231 
6264 7778 
5067 7856 
6305 2271 
164 4885 
3060 2275 
295 287 
5978 1386 
5062 6873 
974 6600 
823 278 
2140 4017 
6729 2444 
6176 3463 
3265 2118 
4604 6557 
5375 2960 
3598 2280 
6467 5917 
2376 4283 
6665 980 
7854 4606 
5812 4174 
6283 3077 
1886 4171 
638 6962 
511 5782 
7790 2689 
3272 4984 
2131 5104 
1331 2342 
2473 7726 
3332 1885 
2700 4298 
7634 194 
1457 3397 
5463 3103 
4154 3118 
3034 6992 
8049 2682 
1137 7501 
7931 1189 
7141 3229 
183 5555 
5270 105 
1518 5194 
912 7639 
1501 7934 
4826 7395 
1979 179 
2794 3149 
5690 3701 
5135 4454 
7560 2769 
129 5444 
7653 1042 
4295 5881 
4067 2603 
862 5265 
4090 4479 
5185 4805 
4827 3603 
97 251 
7852 4081 
5656 2776 
5709 697 
4562 5998 
6576 5511 
1294 2365 
2625 3188 
7535 1716 
7098 5896 
3939 5298 
4058 5634 
997 5024 
7269 6392 
5203 7011 
6559 6305 
7290 5559 
5388 1319 
4439 7361 
2489 1056 
7159 7114 
5976 6415 
6614 193 
2584 7074 
3503 3557 
7266 7018 
828 1579 
2865 4831 
7667 1780 
4034 7963 
745 5547 
2482 2780 
3058 2591 
126 6034 
4884 4984 
6274 4860 
7324 2573 
5292 1410 
4133 741 
2467 1174 
576 1482 
2870 2198 
1002 4333 
974 568 
7418 4445 
5842 774 
4822 1208 
167 7896 
1704 2122 
7052 4417 
7791 732 
69 2338 
34 4064 
6836 5030 
3511 6246 
1994 4628 
4290 2943 
6496 2172 
5680 4329 
45 3287 
3263 1335 
6882 6213 
6449 6031 
7136 5746 
6872 6801 
3560 4736 
523 2972 
4070 5969 
3803 7885 
405 2267 
3016 520 
3089 7409 
6491 7446 
2513 4952 
5437 2482 
3952 5735 
83 6108 
3094 4273 
453 5753 
6172 7877 
1348 6075 
779 3727 
3362 4130 
1103 2081 
6328 2496 
5140 4661 
2841 2662 
430 2390 
1914 1891 
558 6271 
3325 3291 
4160 6665 
1459 4379 
2871 3323 
6779 3159 
2668 2807 
3446 2553 
5959 6581 
3454 2773 
3201 6501 
1116 7477 
478 7212 
4263 1704 
3062 4977 
6612 3782 
2671 8034 
3294 2706 
294 7887 
2532 5600 
6584 6218 
179 7175 
2825 6112 
6185 7123 
4915 5218 
8075 4510 
1286 7933 
6956 7883 
5860 1357 
7552 6941 
4631 536 
5537 5431 
2744 3199 
4118 5973 
6445 1417 
1704 5958 
4307 43 
3816 2841 
2000 7163 
2790 1417 
7137 7914 
3412 42 
5259 7714 
2911 4735 
2026 13 
6789 1606 
6910 65 
3632 6176 
4213 7073 
7680 7470 
5155 4899 
3513 2669 
7301 5472 
837 3257 
528 6331 
3532 1444 
1734 2858 
6796 2064 
7794 4590 
2942 4496 
3301 2206 
4222 2771 
2841 693 
2008 3166 
887 624 
7382 1028 
3096 6923 
5735 6232 
6006 6151 
1899 1101 
5765 388 
7499 6588 
3458 3399 
5175 5199 
1582 4719 
69 4705 
4565 1048 
143 5766 
3573 5025 
2202 3291 
2868 4304 
1533 1419 
479 2178 
410 4521 
740 3262 
6668 4769 
370 4636 
1885 7568 
1299 1235 
4888 610 
473 1693 
3118 6045 
3031 6947 
3919 1591 
7397 6955 
3701 5526 
5275 4257 
1392 3667 
7175 7755 
2017 6780 
2244 3045 
2190 7116 
5863 5898 
3690 6545 
2021 1872 
4575 4031 
3960 7459 
4121 4438 
5550 1592 
4184 4652 
5797 1260 
4968 6793 
1075 661 
2118 4857 
5935 6609 
537 6768 
1366 5791 
2097 1278 
4019 7834 
4220 4685 
7609 946 
4550 1319 
5980 5804 
3181 3589 
6393 5129 
3814 6057 
1704 5427 
3428 1498 
2979 1421 
962 773 
2600 5733 
2170 6131 
5965 4550 
6132 779 
3915 820 
4079 313 
877 2436 
7860 6896 
4331 3137 
6855 1067 
2021 2312 
1970 4725 
5853 2317 
2817 7085 
6160 6947 
4302 2321 
690 5706 
2147 2879 
2166 8015 
7749 7001 
1435 1883 
266 7294 
4825 2469 
5640 4153 
2649 1609 
6267 5759 
2535 5346 
2457 7758 
6288 4333 
518 3161 
6174 4726 
1347 6436 
426 7085 
4739 86 
5359 6618 
7953 6287 
3527 5408 
5738 4563 
6775 3675 
1971 7817 
7649 3565 
1044 3178 
3675 2183 
6375 7463 
1018 2142 
959 3493 
989 585 
2823 1354 
7112 349 
908 6939 
94 4023 
1849 3751 
4941 7480 
3956 7996 
3342 4008 
3416 320 
6417 4187 
6544 2766 
4109 4170 
5374 1082 
4772 2049 
4060 4302 
3201 5040 
8037 2378 
2422 7701 
5228 8046 
5115 1471 
4355 1996 
295 6044 
2379 3221 
2485 6275 
5310 3418 
5534 3793 
3101 3754 
6595 3107 
254 130 
4855 7421 
1268 5334 
2372 3733 
89 7155 
2685 558 
5033 3546 
2678 6771 
4643 5184 
4200 7837 
4140 4408 
2262 6602 
1738 4725 
5322 5344 
4647 2148 
2757 4320 
337 5437 
4886 2774 
3248 2955 
3948 4844 
2007 6739 
6043 7935 
5741 4515 
6017 4168 
3703 1994 
814 7593 
7386 4390 
3295 7152 
97 5756 
6352 4187 
6377 6387 
5147 3295 
1071 89 
2516 744 
4576 4924 
1338 4930 
3055 525 
468 341 
2728 7807 
1257 4518 
7767 4441 
6327 4086 
3843 7153 
5322 2229 
2937 7453 
2173 1416 
2948 315 
2916 4897 
2700 1416 
4884 4905 
7469 746 
3335 3162 
3587 1427 
2692 5088 
7796 5163 
5565 2718 
6100 294 
883 3850 
2675 1928 
4560 612 
3717 7234 
1973 2312 
4732 6529 
4659 3752 
683 6437 
4817 3306 
3111 4045 
1554 6930 
2513 1938 
3595 5995 
852 2287 
4670 7218 
3992 3682 
2045 6212 
137 1891 
4296 6104 
7132 4617 
2812 6868 
1904 6047 
6346 4709 
1885 7495 
1206 2997 
5133 6719 
6051 5578 
6098 512 
5473 5878 
2247 6069 
2716 3644 
7555 319 
5266 2729 
2142 6089 
965 6133 
4296 5581 
3738 6400 
2212 5528 
4720 242 
3070 3053 
6276 1642 
196 5920 
3062 628 
5075 5193 
3457 7385 
924 4607 
5367 7288 
4813 3913 
1891 1516 
5162 6967 
4634 1560 
7702 4414 
1899 1465 
2470 2929 
4596 2427 
7278 2975 
4513 3897 
2707 6254 
2667 4969 
7466 1905 
7387 364 
2953 7007 
7378 6979 
4312 2022 
3221 4877 
5506 6116 
4082 2549 
2477 4136 
1364 6857 
7122 2070 
3232 1680 
7266 3584 
6220 4444 
5144 320 
7760 6985 
5248 1602 
6951 233 
6434 2394 
7595 2326 
2125 3265 
6362 2682 
1015 1066 
2403 5964 
3907 2689 
6285 2808 
1415 1772 
4973 7774 
2463 6344 
811 1111 
7042 6158 
1066 3745 
3459 1360 
4713 7611 
4710 4931 
6455 5121 
3954 4159 
5937 2356 
7880 4433 
6838 4122 
7936 6628 
2352 7314 
3318 5965 
6149 5397 
5026 4193 
579 2103 
1201 7777 
7405 1658 
3843 4145 
3997 2942 
4569 6187 
4141 7192 
7652 3762 
5414 3956 
6011 6208 
6190 5485 
6658 2750 
7260 6491 
1369 198 
2579 5890 
542 2621 
7195 1123 
4460 6935 
6193 2395 
7930 4765 
5589 2686 
5910 3487 
658 827 
2077 4154 
5066 1582 
5991 1158 
7286 6175 
5139 2355 
6829 7596 
2744 6310 
5998 3849 
7506 281 
7808 6637 
7057 6970 
3657 7431 
1456 7472 
6182 3649 
5932 1253 
2274 3961 
6345 6804 
3969 6177 
7852 5103 
3366 4360 
7648 2516 
6888 1867 
6279 2301 
5811 127 
2788 5232 
7793 5905 
3137 3283 
7578 5428 
4699 4472 
7924 7307 
5553 4420 
5760 3592 
424 769 
4432 967 
8067 280 
6115 2173 
1119 3949 
875 2844 
6443 7936 
7898 2264 
4083 7263 
504 1291 
5158 4390 
749 3614 
2681 2061 
651 1971 
2378 1775 
5567 3411 
1771 7957 
4494 3965 
5524 1068 
2489 3667 
5903 3835 
1803 4687 
6347 6781 
5156 211 
3817 2948 
6662 6502 
2226 2541 
1521 3183 
827 2065 
3358 2940 
878 6101 
3851 3583 
6275 3732 
424 1290 
4409 6185 
6614 377 
3468 3233 
6708 3867 
5806 3003 
4551 1499 
3386 4699 
2796 1791 
6410 2358 
632 897 
7275 239 
7877 7428 
4223 1075 
4698 3675 
1800 1573 
6824 5228 
4389 2334 
7320 4426 
6363 1808 
3678 1482 
179 5641 
4664 6226 
7331 592 
6971 2151 
5216 2108 
6757 5249 
2609 5734 
2670 2794 
1362 3025 
114 7188 
7611 4591 
2530 5594 
1242 565 
8046 7414 
170 6788 
4826 6363 
3367 5268 
3222 7 
4336 5924 
7409 397 
1772 3383 
627 1471 
3756 432 
7973 7186 
3730 3840 
2519 7186 
4639 5652 
60 5683 
5827 4777 
2893 7186 
336 2004 
6948 1969 
7523 5867 
1550 839 
4350 7334 
3839 7410 
3552 2092 
3145 3501 
7570 2875 
4272 4516 
7735 871 
1658 2121 
2014 711 
5921 4292 
5121 925 
5812 7022 
3651 1788 
7350 4211 
214 6737 
7363 257 
5292 4024 
3266 6528 
7580 1035 
7832 3628 
7336 4569 
874 5716 
7152 7666 
5241 5384 
302 7138 
7197 4019 
2139 3770 
4232 5551 
7243 6049 
1738 1525 
6673 1573 
1407 1111 
5588 3982 
7553 3789 
224 4509 
3840 4679 
769 6516 
4076 4321 
3528 1568 
962 6646 
6139 6487 
7203 7211 
173 6838 
5396 7129 
7199 919 
8027 6183 
5758 5551 
7979 7949 
4740 6944 
4992 2686 
7020 5470 
4584 2189 
1637 2599 
6160 1304 
7226 7444 
888 3204 
5860 2047 
2443 1484 
601 3227 
6764 1802 
2559 6769 
6936 5154 
6024 315 
3416 2985 
6984 1241 
8078 6808 
4514 767 
6098 8030 
7798 5547 
5023 6073 
782 7355 
7302 2737 
2317 3779 
6073 2449 
7934 1629 
5900 7895 
6383 10 
3320 998 
1278 3276 
3862 1104 
2209 1906 
6793 4523 
1758 2017 
6548 1440 
4737 3530 
7604 1685 
692 6890 
591 4893 
681 2160 
4565 2343 
4336 5607 
6917 4466 
7223 458 
5758 7356 
5935 4763 
1622 1504 
31 6087 
5147 4634 
5440 7710 
1733 6728 
4136 1820 
4430 6023 
6350 5595 
2301 3862 
8021 2369 
7900 2021 
2959 6849 
490 8013 
715 2159 
1651 6013 
3307 3706 
6081 4058 
1 1546 
7481 2563 
4285 3034 
5135 4704 
3005 7773 
685 6788 
2629 3284 
381 6196 
6596 4824 
6491 1228 
3572 7225 
3881 5765 
252 7191 
7587 804 
2255 6794 
1448 4745 
7708 7598 
7170 1504 
4319 854 
6664 8012 
6920 6728 
7947 6041 
1343 2361 
5770 1818 
7274 6758 
6502 1584 
1569 4757 
7922 6702 
6972 7388 
3135 6930 
6531 4899 
7718 3098 
474 1990 
5782 4085 
552 2554 
5463 7958 
1250 6811 
1672 7619 
884 6462 
2504 52 
713 1013 
275 4754 
8075 5814 
1793 3260 
5660 2865 
936 5391 
5174 4887 
4859 1990 
1995 2754 
6234 1259 
6868 2955 
7767 2806 
6588 6548 
1354 1866 
4979 3272 
290 5171 
3156 1918 
7260 3655 
5483 1282 
997 3217 
6632 6795 
7905 3551 
4648 2658 
3782 7795 
1792 5795 
2533 7244 
6418 5422 
1579 1314 
2106 2183 
7731 1069 
990 617 
4583 2795 
2506 1210 
7584 4434 
6985 128 
7819 1854 
814 2596 
2974 2774 
1990 5810 
2943 6662 
3123 1863 
2983 5434 
5651 4085 
5854 4165 
2178 7533 
6174 7351 
4216 298 
3283 3149 
563 6111 
6762 7823 
4882 6337 
6529 1759 
5776 4809 
6357 5533 
5760 1994 
5076 1446 
6947 2995 
6551 3421 
7311 797 
1562 5079 
2760 6889 
6067 7947 
4095 2060 
7779 6211 
6771 7014 
8020 7382 
6976 6115 
918 3309 
7575 7502 
1556 7845 
5290 1178 
5689 5462 
5972 6489 
7227 6132 
1919 4057 
6831 5699 
7422 2790 
6343 5082 
313 430 
8036 2353 
439 305 
5858 4310 
407 1170 
1287 5443 
2208 4618 
4815 2973 
5615 7482 
4518 4355 
6664 3339 
2895 389 
5947 4368 
4410 1240 
7060 7993 
6503 5825 
1531 102 
1201 1323 
300 6478 
5583 6399 
4554 7239 
3734 1639 
6286 5131 
727 1352 
6493 5453 
5107 2612 
1635 6158 
7598 2827 
1567 5027 
5632 7025 
1912 2809 
552 3832 
7683 7369 
6571 3955 
2294 165 
6241 5846 
2464 514 
488 5028 
2195 4819 
4394 3564 
4813 3481 
2856 1818 
4815 7604 
3357 5813 
6234 7416 
4411 3598 
2134 1980 
1438 6396 
5545 5581 
5105 4760 
3136 85 
6948 5272 
3881 4607 
1115 1450 
5674 5500 
229 1965 
6341 601 
1451 3584 
6572 5580 
1540 1868 
371 4831 
684 3847 
2002 4455 
6088 5076 
1443 7143 
7398 4883 
2525 3173 
2535 3441 
3323 5521 
6138 7363 
1834 4838 
2389 4795 
4957 1415 
4494 6372 
3376 1947 
1280 6242 
2385 3310 
4449 4659 
2095 3303 
6726 5411 
2631 2497 
6918 5559 
3015 684 
4532 5232 
6067 2703 
6055 2104 
7261 5857 
1808 1213 
490 4228 
3962 7267 
7081 5438 
2260 7059 
4345 4145 
7295 2124 
1917 6759 
2381 3481 
2307 3633 
4255 870 
2745 5393 
272 3871 
2681 6192 
5532 78 
4767 2961 
4245 2766 
3796 4545 
3567 783 
5810 2535 
5818 1327 
6600 2196 
1885 5618 
150 1504 
3247 1252 
3159 6950 
1390 8068 
568 1029 
5448 4202 
7286 5594 
5565 7332 
2599 7592 
343 957 
7234 6833 
5227 5399 
23 4897 
6550 5461 
1049 2647 
73 2695 
6711 1974 
4535 1539 
24 1757 
3141 775 
7334 5902 
5353 2879 
4081 767 
1930 2708 
2764 7458 
249 1752 
3931 4171 
4898 4236 
6674 2356 
5724 5878 
2430 4336 
3986 4978 
2505 3660 
2630 124 
7750 6496 
4931 7644 
7901 517 
6744 2891 
2001 6421 
292 120 
1883 3760 
849 1812 
1990 1437 
4414 2455 
765 1046 
7299 3813 
6413 7864 
5408 1276 
7128 721 
1019 4113 
5668 356 
3594 2821 
6248 202 
189 2159 
3315 7381 
3360 7348 
2838 439 
3499 4091 
3160 2554 
1466 1392 
7487 7811 
1747 5433 
7839 6232 
442 3707 
10 5845 
4113 4217 
5653 3533 
3961 1036 
4953 3062 
2196 3160 
2641 5669 
3520 3730 
4777 7867 
1065 3959 
6693 746 
4430 481 
3034 7221 
5042 3 
6669 2002 
8008 3993 
2047 8028 
4597 1332 
903 36 
6710 261 
3622 570 
1449 3199 
5904 5392 
6104 4130 
7599 7491 
3030 1257 
6361 185 
7013 13 
6045 2387 
5894 2392 
7758 648 
7608 4613 
3876 7052 
7594 629 
7231 7615 
4994 3819 
1487 6827 
6570 7766 
4808 1243 
2277 2356 
5176 1011 
2746 6593 
6873 4965 
3163 6174 
4930 4780 
4633 3019 
7945 3783 
4417 398 
1916 828 
4268 5716 
5440 2264 
3736 1896 
2787 2276 
3657 3968 
577 5730 
1692 5807 
1224 3072 
4556 5842 
2024 1390 
1979 6800 
2271 8059 
5286 6292 
5608 1695 
2505 3980 
6544 4705 
6610 2276 
3244 6032 
6775 5363 
1797 365 
338 4099 
2988 962 
1798 6908 
3523 7318 
3714 3592 
1272 6576 
3184 1991 
2820 3094 
7907 7677 
5256 4559 
5050 7217 
2326 4800 
6034 2121 
4006 2807 
1808 2894 
6479 7823 
4535 846 
3112 878 
3999 7754 
867 2115 
6720 7011 
6972 2247 
6769 7297 
2604 2563 
5302 882 
7044 4630 
2875 1445 
6856 2278 
6843 2600 
558 1486 
5508 4875 
4457 5407 
515 2063 
5169 4040 
6485 5344 
5964 5353 
3190 7638 
4835 3174 
5319 550 
3189 1919 
5909 6183 
6112 2025 
2031 6893 
3251 8043 
1751 2618 
3809 370 
6510 3116 
2421 1263 
2353 5185 
1167 4670 
2547 1918 
3465 37 
6830 6944 
6672 3927 
7437 2609 
3249 5107 
411 4893 
301 231 
6823 5963 
337 7284 
2527 460 
1516 4719 
2894 5683 
7996 2934 
478 7994 
2037 1395 
5098 7588 
7295 6319 
7348 3981 
5879 3760 
7998 4949 
6538 7662 
5666 5317 
6764 4052 
7860 4262 
5394 1996 
5083 6553 
48 2154 
1490 4109 
1397 3212 
7130 3690 
5692 5209 
6433 5870 
4108 7837 
3928 804 
2032 4174 
8064 7522 
6140 2275 
2301 4011 
3722 3364 
1337 763 
671 3520 
2664 1014 
3255 5716 
1815 2300 
1646 834 
7289 4994 
5316 4339 
3887 7796 
1930 954 
4551 4319 
1536 2625 
921 4268 
1104 5499 
2793 7288 
7893 5587 
2196 946 
3937 4502 
4677 6711 
2893 7855 
4183 4026 
7179 3136 
1386 287 
4990 2300 
3741 2713 
411 3170 
3493 6527 
3602 676 
2231 209 
1055 7063 
4036 5509 
4141 1842 
2663 5261 
4245 2895 
7669 6215 
2155 6814 
7207 2529 
755 602 
6614 7953 
5250 358 
728 6885 
1263 1135 
4598 3313 
4169 924 
4034 6774 
6166 4227 
7212 2641 
3422 2152 
2467 2105 
4772 4881 
7539 2076 
164 3709 
8062 3904 
7028 5947 
969 4098 
6978 693 
4000 7218 
5240 6479 
1709 3756 
2976 1401 
3273 7470 
8027 2557 
2142 1332 
7233 6386 
2238 5464 
653 4409 
2735 2996 
6454 1287 
5353 2006 
2253 3822 
452 295 
1562 5037 
5921 4980 
7627 3424 
7527 1748 
7187 7067 
5903 7802 
766 6424 
6667 6303 
4678 1394 
7668 3580 
4125 4294 
5765 3869 
1452 2319 
5379 6102 
7695 2045 
6852 7258 
6998 3241 
4813 5021 
5995 2009 
6993 4778 
7455 7535 
1888 3013 
4961 2340 
3735 7124 
3763 47 
6839 3237 
3605 2747 
4315 538 
929 6765 
5159 1027 
12 6903 
5084 4916 
4751 70 
2173 3590 
4627 5086 
5192 1394 
4435 1005 
4974 5072 
7278 7958 
6243 2643 
816 5264 
6927 4523 
6143 4209 
6729 6467 
3499 6974 
5206 2404 
964 2765 
6366 9 
4452 5612 
5157 1160 
211 1859 
812 4552 
4661 3565 
7592 7709 
3042 2559 
1013 1752 
7880 6032 
4292 3910 
6503 989 
7715 671 
1330 4164 
737 1092 
5287 268 
2119 4040 
4014 1936 
1056 2739 
6373 1246 
1314 6128 
4179 6634 
7850 381 
7979 2307 
7467 1530 
170 3837 
976 6345 
3871 4059 
6868 4367 
6352 6573 
1179 4562 
544 7533 
6057 3458 
7748 814 
6811 4240 
4711 7955 
7572 4912 
5373 3680 
6437 3905 
4399 862 
470 5962 
7024 7366 
2339 2724 
4643 1490 
875 4023 
6899 2472 
8035 1231 
8039 3808 
6451 4830 
6450 694 
4800 627 
6430 459 
631 4841 
3659 1370 
6706 7764 
5656 2673 
6050 1083 
6854 1376 
7919 6415 
3115 7655 
1189 2010 
3977 2225 
592 2437 
455 4214 
5934 1215 
7280 3341 
2679 6233 
286 725 
4776 3375 
5792 7725 
2193 83 
5040 7329 
2977 3110 
7143 2182 
5659 3986 
529 5646 
3433 2088 
130 2727 
5667 5647 
4539 3834 
7805 1554 
5877 2157 
2021 6186 
1600 3795 
5622 5878 
5392 2314 
5624 1865 
5812 7386 
457 1265 
7 2726 
5586 8028 
7168 3131 
7936 7338 
3683 6362 
192 4427 
5740 4540 
6576 1382 
3917 5933 
5213 5348 
2432 2886 
4610 550 
3252 2437 
3403 4802 
2639 4405 
2579 3393 
3750 2740 
7643 3559 
3678 4660 
7880 6255 
5467 4067 
1919 2401 
481 1849 
5289 4173 
1162 3546 
6488 3213 
3328 4732 
6104 3914 
4836 3359 
1794 2881 
1444 7152 
6763 5231 
1012 4996 
6420 6211 
7918 5244 
1361 4747 
1266 5500 
2124 5106 
5092 2963 
6347 2445 
2874 4999 
5541 4940 
417 4993 
5063 2602 
1751 3404 
3348 3617 
2332 3940 
7920 6169 
1092 325 
5820 6024 
6290 1094 
5665 6594 
6593 4362 
6063 6850 
1897 6392 
3718 6175 
5638 6742 
6798 6169 
5863 2868 
5027 6473 
7113 2571 
5928 4549 
7342 6793 
3591 3514 
4503 5200 
1720 6693 
4425 3575 
4848 607 
5307 2229 
921 4213 
7429 7325 
1657 5050 
2905 7801 
753 1186 
5094 6195 
7165 492 
3518 1918 
1634 7822 
1639 3736 
4449 118 
1154 5644 
2835 7089 
5239 7967 
1471 3737 
5338 1046 
535 2360 
5369 1072 
4584 5933 
2927 6230 
2948 2059 
919 5933 
6936 2011 
3630 5222 
6168 3566 
543 4064 
5493 7423 
4573 1769 
6958 7734 
7721 5739 
3116 4188 
7012 2741 
7457 2395 
5674 3705 
3175 6557 
3670 7364 
783 856 
6468 5604 
5377 6050 
3036 6053 
6347 7831 
5081 7184 
746 1318 
2704 4569 
7080 3964 
2067 2051 
126 5296 
5309 6300 
3153 869 
5658 2221 
2430 4092 
5585 4286 
1501 4767 
819 6321 
4304 2184 
3282 2179 
915 3589 
545 3858 
7801 4170 
7512 5753 
7165 4017 
5396 6570 
3476 682 
2679 7701 
6002 2147 
4144 287 
3428 7317 
1418 4614 
1173 7891 
3962 6981 
3127 6135 
4818 2475 
1823 7246 
6761 3128 
245 4328 
7870 2296 
1259 6864 
2513 5617 
3512 3637 
2779 1152 
6560 5520 
5277 7142 
3536 3013 
6706 3444 
4692 1052 
7735 482 
123 3491 
4039 2104 
581 6321 
5262 7385 
7158 5741 
6667 2035 
7088 5349 
6952 5681 
4265 1736 
7852 237 
1457 7472 
483 2858 
4922 3540 
217 6665 
4855 6275 
4898 3436 
6222 662 
4487 7106 
7863 959 
4803 4604 
7594 2196 
1969 4199 
254 7565 
5962 7188 
3781 3789 
2005 1525 
2704 3244 
2974 180 
3147 6209 
1098 745 
5199 5183 
514 572 
742 5029 
4258 5632 
3704 1656 
3396 4249 
1777 4947 
204 3905 
3190 5705 
3486 205 
5522 3607 
2710 6055 
395 5041 
5614 7399 
6963 1571 
195 7311 
4172 204 
3495 2307 
3839 845 
544 3947 
3496 5132 
4757 6145 
2924 7504 
1347 2718 
3756 3711 
545 4356 
6689 1336 
3208 3896 
942 726 
3802 7582 
2127 7970 
5287 7901 
4228 7875 
4487 7114 
14 3314 
4347 5924 
4499 379 
1029 17 
2039 464 
370 1248 
3843 1768 
8008 7229 
2737 1639 
7669 211 
221 236 
3133 5321 
138 1215 
5109 6569 
8023 4257 
1071 1250 
2351 3336 
7090 6797 
4135 3507 
2881 1890 
365 4621 
4504 5117 
2924 6036 
5847 1905 
5929 432 
2151 2698 
2005 5321 
2160 2164 
105 7793 
7024 6011 
644 4337 
5963 7497 
4635 4301 
595 3511 
4453 1374 
7925 2765 
3220 5053 
7030 1420 
2979 5384 
745 3723 
436 1757 
7022 5575 
6823 6754 
569 5038 
1003 1017 
7617 39 
4039 7861 
1624 6826 
3644 3991 
6286 6061 
2333 489 
1444 7503 
2011 3065 
6209 4712 
2063 4620 
5104 6300 
2589 3369 
8001 7732 
2742 6407 
7803 3522 
4250 370 
2519 2380 
2102 590 
5809 2980 
2645 2475 
4820 6421 
1137 2419 
4458 532 
7524 181 
5793 1730 
4916 6713 
873 1611 
2309 5855 
2072 7562 
2810 6445 
3577 7394 
3453 5946 
2558 3503 
2531 7770 
149 4849 
2751 688 
3362 11 
4462 4741 
3223 3454 
4283 6225 
4220 440 
4133 621 
1542 6420 
7042 150 
3208 4145 
7263 2786 
7800 1549 
1399 4398 
2477 3454 
6869 825 
7178 6646 
1771 3771 
667 4632 
4255 6773 
2451 3551 
4907 1781 
862 2328 
6365 981 
1060 3489 
7903 3890 
5633 5677 
6461 6352 
4467 3275 
1676 6747 
3215 6257 
3731 6744 
7614 430 
890 5589 
962 1098 
840 6643 
3151 5640 
5349 6384 
7009 3140 
7529 2026 
4965 1050 
4362 331 
2053 6878 
1233 4988 
7042 6136 
1244 6628 
3098 1972 
7005 4673 
4707 7651 
1247 4807 
2218 6219 
6235 4689 
2114 4507 
4262 6804 
7439 4046 
4998 7037 
7580 2443 
1150 553 
3521 1725 
4889 2451 
3355 2396 
1820 5626 
4344 7069 
5234 1431 
3858 2097 
6266 3453 
3917 7204 
1714 6666 
5191 5852 
5928 6572 
7406 2706 
6723 573 
7675 253 
1557 1776 
7968 5343 
7319 2510 
3452 2111 
4112 7194 
4594 3334 
4329 4043 
6421 6690 
130 3702 
8039 5946 
5239 75 
2824 4169 
1634 2168 
379 3888 
984 331 
5395 6316 
1568 1396 
2969 6903 
5613 4778 
2821 6590 
5223 5935 
3261 193 
738 6752 
7027 4527 
5615 1222 
4016 7420 
5746 1015 
4740 2969 
7669 8032 
497 7031 
7643 2185 
6723 1689 
6067 3710 
4473 2619 
6936 7435 
6607 4208 
3384 7451 
3355 229 
3029 4737 
7569 1443 
4094 5131 
5511 4797 
7677 7846 
108 6561 
2187 3189 
1789 3310 
4012 2512 
2013 6717 
2704 4326 
4618 5132 
2838 7621 
7876 2314 
5769 5100 
5343 3339 
2847 1689 
2468 6450 
7069 3130 
4763 7106 
6909 7270 
6047 4167 
6546 6526 
1303 472 
5914 4355 
7695 1940 
1336 5804 
5319 2968 
4005 1020 
7404 4182 
2617 4573 
2530 7666 
726 7517 
1236 6553 
7646 3699 
6911 2203 
3376 5710 
4868 3396 
4515 3176 
6470 5124 
438 2645 
7105 6623 
2892 7922 
5674 4145 
1891 6279 
6739 5524 
3902 1876 
3157 5417 
409 7915 
3677 8025 
1103 25 
5615 7196 
484 6423 
1180 7611 
1935 349 
7336 3766 
6663 3708 
7740 7766 
813 3241 
6944 1287 
511 3052 
602 5358 
6125 3594 
553 7713 
6805 7796 
2010 254 
853 7679 
2734 838 
1511 5726 
3772 2490 
4960 3998 
6905 2725 
2956 1428 
6045 7062 
535 1009 
2810 2480 
3063 5071 
3162 1413 
4916 1659 
7023 690 
2859 3442 
1669 6844 
911 827 
493 7559 
6318 1665 
5420 5888 
517 128 
1949 761 
7684 348 
5972 5392 
6211 4904 
1 3181 
666 36 
465 3043 
3737 5836 
685 5405 
5578 5495 
1095 2290 
1033 637 
2846 2695 
7144 3845 
4781 3392 
3620 1934 
1231 5069 
8019 4913 
3219 6749 
2691 4484 
5418 6898 
2418 5233 
7425 3246 
6355 2618 
895 522 
4291 227 
7872 892 
2603 2124 
6087 6624 
1797 5699 
4053 3344 
6099 5669 
6900 6689 
5574 2149 
504 865 
5138 3877 
1591 5889 
3686 7751 
287 4114 
1787 197 
4966 4366 
384 8019 
1144 3916 
3666 4793 
6165 5763 
6894 4771 
4661 999 
5367 2794 
2035 4773 
1931 1156 
6566 3008 
8013 1148 
1264 1563 
4883 3445 
6483 6764 
2581 5640 
499 5122 
7373 3300 
2518 3267 
6514 5812 
2418 6222 
1209 1371 
4233 6987 
7901 1520 
3946 5603 
4712 4230 
8074 6392 
3053 793 
2415 7612 
4081 4395 
3835 4426 
3613 2142 
911 946 
879 6476 
7892 3579 
5722 4579 
2940 2872 
2885 6206 
3777 4912 
1110 1188 
4653 5007 
2929 5541 
2164 1057 
7019 1948 
2282 3943 
3055 4777 
3029 3487 
2026 5119 
555 387 
5899 7010 
7241 2492 
644 6974 
7146 1452 
7005 4833 
5993 3195 
6330 8016 
5685 6322 
687 6887 
79 5886 
3434 3194 
1306 1685 
3996 4538 
6294 5175 
2693 1011 
3090 2901 
5893 6678 
7617 5861 
5515 3652 
715 1979 
3123 3041 
2719 5146 
2147 6392 
7038 4571 
2107 5252 
1476 5122 
3792 1981 
7874 7831 
6022 2247 
5164 5681 
7514 2272 
2550 342 
6514 4206 
1302 2242 
6315 7242 
5027 2319 
1728 1802 
227 867 
5051 3805 
1578 7419 
6126 7438 
5933 1863 
5659 1435 
3258 5145 
4421 891 
2837 6527 
6926 4844 
7646 1358 
1483 6138 
5052 5879 
2158 7587 
3113 4397 
252 4046 
4563 3274 
1534 4964 
3769 3461 
6283 2856 
5895 2480 
2426 6481 
2042 6624 
7606 7899 
7474 5900 
4472 2487 
1472 7625 
1429 3227 
2478 6235 
3503 4098 
2428 1526 
4803 7274 
3303 582 
7224 2301 
4628 3747 
7151 6129 
2803 5653 
7996 187 
1468 807 
2829 2993 
5133 289 
4587 7340 
3401 7675 
2178 5181 
5108 2982 
4537 6443 
5759 7555 
1937 1135 
7851 299 
379 7904 
2644 4443 
2967 4189 
2225 7389 
5801 4249 
4683 7390 
724 6520 
4961 5317 
2370 4429 
4758 4528 
7288 7224 
434 5898 
6659 2264 
6767 303 
79 3956 
2762 2191 
3091 1014 
1174 2613 
3109 7998 
7784 8052 
4689 6516 
5155 3679 
7428 6479 
4821 738 
2824 196 
4737 5622 
157 282 
1445 7476 
2288 6449 
8005 736 
5939 1601 
7142 4370 
5871 7995 
1151 1226 
4372 6758 
6811 7422 
2884 2974 
2573 4505 
1130 3098 
1024 2765 
2525 7801 
7071 575 
2269 5938 
7762 1283 
2640 1111 
7685 7017 
3523 611 
4500 2574 
1626 3250 
4320 2635 
688 1440 
7749 2750 
5052 5313 
7168 2256 
2567 7037 
7600 2430 
2526 6866 
112 7979 
4707 7765 
8001 5654 
2800 2577 
1511 1393 
2796 5547 
394 7430 
4554 2707 
6616 3485 
679 5688 
6714 155 
5707 4187 
2885 2083 
5840 6483 
4500 7233 
4919 6707 
4507 2367 
3886 867 
7981 6437 
1658 4251 
1691 6836 
71 5632 
6369 6070 
503 1974 
3409 5017 
551 7591 
5090 6164 
630 3050 
7288 5230 
1780 2184 
5045 2459 
5246 1412 
4877 7818 
3441 853 
1453 4783 
7505 1370 
1471 6038 
1186 937 
2472 6990 
3263 4736 
3081 7306 
7034 5711 
1315 3986 
28 3357 
4003 2335 
4506 2728 
1072 499 
3764 4532 
3902 5397 
1623 3256 
6224 2946 
5055 1265 
6047 6657 
3012 6609 
8009 7702 
351 5025 
5190 2103 
7833 1344 
3841 6034 
2244 1435 
7981 4325 
6594 2209 
2240 7331 
1581 7332 
1026 2973 
2511 5928 
3018 4219 
2791 3580 
3821 6536 
3076 493 
4978 2275 
7392 7134 
5494 587 
1281 1600 
254 2527 
3336 3806 
752 6622 
5305 3364 
5826 6407 
6534 3760 
2902 7647 
3321 2519 
5761 7859 
7999 5564 
5021 2819 
4397 4744 
254 4253 
3932 1234 
3531 5349 
3117 2394 
4125 7084 
6362 8064 
5956 158 
6526 2300 
2361 2065 
4605 1149 
7358 4794 
5565 2199 
2132 1807 
447 7756 
225 4704 
8011 946 
7512 6705 
3200 6633 
7150 4164 
1707 2996 
5636 397 
5001 64 
3668 53 
7757 4291 
6650 7405 
4190 2642 
1368 6340 
400 1586 
7774 7737 
1077 3239 
7905 3257 
6997 2758 
4772 294 
4414 650 
5516 4244 
955 4205 
5371 6617 
4629 309 
2963 5767 
7764 5722 
431 4180 
2243 4936 
862 5908 
856 2518 
5993 3086 
6312 1425 
541 6004 
3666 956 
4307 7544 
4898 3398 
2520 4635 
3011 6352 
233 5449 
5935 4806 
4553 6304 
73 4239 
2411 7010 
6623 5163 
399 5407 
7789 449 
6501 3290 
4680 814 
1589 1424 
2194 4085 
3611 1060 
5842 3341 
5491 6044 
7024 4402 
7132 3764 
607 5055 
6219 6937 
1106 101 
1605 6608 
3813 1857 
6144 5338 
2120 2738 
6597 6884 
1356 3599 
2338 7164 
5963 7772 
6946 988 
4588 7894 
3296 1652 
2028 3497 
1501 649 
4717 4818 
1238 2560 
1785 7762 
1689 170 
4565 3742 
8041 5417 
1408 5813 
1902 1729 
6639 5003 
4830 7918 
1038 1577 
6691 6373 
171 2377 
1414 6387 
2273 6334 
4089 7186 
2897 2842 
752 2615 
2746 6115 
2194 2907 
7947 4037 
6385 4998 
922 4920 
3322 7284 
1432 1330 
1032 1871 
7882 1949 
6249 629 
7423 4087 
4838 5609 
1256 7480 
658 6858 
5607 5497 
4128 122 
2526 3662 
4969 3704 
768 7465 
3623 2500 
1981 4020 
1228 6640 
6111 2036 
3835 4576 
3267 3041 
3280 3067 
3421 61 
703 3147 
1816 5817 
2620 4449 
6454 5337 
7124 4301 
2106 4121 
2632 57 
581 3893 
4806 5584 
3605 1215 
4075 699 
4301 7654 
7832 7620 
7469 6385 
2617 3658 
6425 160 
1962 4540 
5795 847 
6807 3172 
3492 7456 
781 461 
241 4010 
7651 6989 
3157 8040 
6013 1396 
1325 1290 
6989 2405 
245 3392 
636 165 
7180 893 
2840 3805 
5259 7865 
1190 4542 
5768 2753 
1696 4515 
7899 7686 
2891 7737 
2319 2177 
919 4111 
5642 6747 
2224 4010 
4112 1838 
6004 6907 
7284 2749 
1870 6146 
5845 2284 
3838 2911 
5837 3758 
3277 4931 
5707 5336 
3167 1904 
6836 4505 
1098 1133 
5524 3558 
5814 5080 
3571 1125 
4870 6512 
4808 3926 
5522 1413 
2489 1214 
5114 608 
2103 3604 
6594 5425 
2272 1992 
5704 6860 
2440 842 
1847 4406 
7122 6526 
3753 6099 
4135 3346 
5086 5083 
7932 4944 
4800 5316 
1759 2966 
3672 5091 
2733 4767 
5092 5132 
5724 2122 
4641 3904 
7803 6592 
1648 4361 
3567 6160 
4743 1654 
4218 6006 
571 4771 
7737 4084 
4595 7336 
2084 5507 
4264 432 
3659 8003 
6285 5040 
3592 3559 
941 568 
6094 104 
1007 4223 
2923 213 
1879 5420 
738 1203 
1658 4469 
1805 3533 
7692 2030 
2225 4543 
3605 4302 
133 1411 
2775 7789 
6297 7202 
7979 1412 
1766 6508 
1546 4947 
3908 1513 
7624 6084 
5040 6568 
254 4752 
385 553 
2989 696 
7501 6550 
6594 6077 
3511 6882 
1835 4562 
497 7437 
3179 6659 
7573 4691 
7185 4484 
3756 277 
5733 6314 
3717 748 
151 5299 
3202 6209 
7125 3833 
970 1529 
760 6074 
7701 7406 
5750 3266 
7587 4894 
6236 4852 
3750 1214 
6643 884 
1008 6717 
6363 6395 
3871 260 
19 7202 
9 7004 
982 4155 
2950 1761 
7693 4293 
3385 2888 
1249 2230 
3442 5156 
7380 168 
3148 5177 
1429 7135 
5576 1532 
1209 922 
5217 3461 
2108 2500 
2422 1464 
407 8037 
2948 3775 
108 7930 
7849 7259 
2124 1345 
748 3840 
2170 5261 
7174 3625 
112 2559 
830 858 
5227 6044 
877 5010 
5469 7745 
2094 4305 
6135 621 
3172 1901 
7178 7613 
5198 1106 
282 5920 
6549 5192 
8029 7307 
6395 7754 
2268 1945 
6870 5715 
5058 2011 
6667 1258 
5083 4337 
2792 6916 
4428 2542 
4114 1774 
6840 6645 
8063 6479 
6378 3208 
732 7359 
5683 5273 
2910 5968 
7137 3060 
7021 2579 
3142 951 
7640 596 
5711 6986 
1891 7389 
5365 6749 
6186 5942 
6333 418 
5321 2273 
668 7224 
6213 1166 
6314 2198 
7497 2265 
1880 3708 
3780 6277 
2934 4344 
3732 6287 
1731 6248 
6443 4232 
991 3817 
6167 3848 
2771 7714 
322 3697 
4777 6682 
332 3453 
5135 688 
5251 4036 
3670 6932 
3805 3138 
4277 651 
4904 5096 
1454 3229 
3212 5614 
84 5395 
231 6511 
2380 3126 
106 1429 
4026 7683 
5372 6121 
4620 1778 
4903 4509 
3150 1709 
6226 2467 
1385 3094 
7157 1753 
5471 3828 
6958 6908 
3648 2077 
3146 4161 
4198 6289 
3232 1827 
1687 2875 
7224 4890 
2267 1681 
6788 3342 
694 6374 
4361 5179 
5475 2905 
794 1575 
8018 2458 
5507 5274 
7951 7564 
4253 5924 
644 1135 
2166 240 
2251 3925 
1293 882 
3171 2138 
1371 1969 
6166 5599 
2706 264 
5778 1080 
4117 3387 
1487 4265 
147 4052 
4766 1164 
7561 5676 
7468 4361 
7490 940 
154 6562 
1161 7604 
5964 1225 
2850 3757 
4077 2107 
1138 6020 
5441 5271 
4807 560 
1260 5713 
2601 6640 
5227 1762 
5060 722 
5780 8054 
4049 964 
6158 4775 
4166 3989 
3037 4751 
4799 1689 
554 7075 
1350 4622 
7360 684 
720 3057 
3163 1050 
5354 3931 
3556 2714 
5289 723 
434 4156 
4499 988 
4160 5843 
6111 2539 
7446 2324 
6227 7289 
782 2590 
337 1385 
4016 6455 
6327 7125 
3273 6461 
1840 2229 
1225 4108 
6070 741 
4500 914 
6905 1310 
3391 2386 
6073 3922 
5267 412 
7377 5466 
6390 5179 
7945 4228 
3544 2126 
7242 38 
7682 2080 
2102 2579 
4788 7640 
7061 5074 
3662 4201 
1408 4615 
6512 5603 
7856 6534 
2701 3472 
4801 357 
7560 7676 
7660 4337 
7748 6501 
2656 4184 
3926 2317 
5710 648 
1639 6600 
1835 4435 
1000 3242 
4038 7267 
3606 1525 
5504 4764 
2225 2571 
4527 1419 
2435 7325 
2320 3759 
2707 1360 
4752 5990 
2656 4528 
7562 1712 
3323 3119 
3159 6188 
4013 397 
5417 5961 
2054 4078 
7732 7606 
1723 7978 
5079 4413 
7226 7600 
1753 2984 
7246 1101 
5255 1194 
5559 7301 
2864 3975 
5842 3544 
6818 3776 
3878 794 
2329 3518 
1095 3530 
7485 14 
5806 3435 
389 3833 
8003 7014 
5680 1149 
5800 5005 
6447 3877 
2308 927 
5168 6398 
114 7000 
6146 7331 
359 7340 
6406 2562 
2517 266 
977 1354 
4190 574 
1144 4883 
1578 5168 
4907 6392 
62 4011 
3575 4185 
5110 4199 
6863 4845 
3010 1519 
7379 672 
6765 7071 
5209 4003 
821 1551 
3175 6665 
1784 7362 
7466 823 
1511 6966 
6297 3185 
265 4503 
3282 479 
482 3835 
1861 4794 
6492 6565 
4055 6953 
942 7554 
3237 3258 
817 7928 
564 2224 
6894 1485 
7531 4084 
1096 3240 
2745 2129 
4350 400 
869 5755 
5025 4153 
379 4459 
4298 697 
4872 2201 
4390 1499 
2744 6514 
1251 453 
6460 3122 
1878 4596 
6286 6171 
7749 3633 
5826 3277 
261 4944 
2310 5552 
7376 4970 
1375 7287 
7381 70 
2980 5443 
782 7322 
509 2008 
4370 4852 
300 7221 
7540 4149 
4725 3388 
6733 1834 
1427 2667 
1312 8063 
683 2133 
2443 6271 
2464 3681 
648 6049 
4914 1802 
819 5441 
1969 562 
5356 4111 
2692 2786 
3433 670 
1779 4807 
2365 7434 
6135 3812 
4272 5529 
3557 5030 
7655 3891 
1756 1173 
7306 690 
4043 7586 
2283 4931 
5278 5331 
3413 5555 
2894 6039 
7092 7526 
3551 3477 
6605 3147 
3223 6128 
4990 1746 
5130 3474 
7302 3369 
2227 5301 
7197 4884 
279 3380 
3449 1630 
7875 2479 
6386 4162 
3114 5160 
6553 5732 
151 6224 
4252 7412 
5778 1104 
5911 4933 
5516 83 
4709 4622 
843 7673 
1725 4154 
2636 5933 
7119 1094 
5246 3499 
4185 1726 
6782 4578 
4344 4579 
3173 5759 
4395 7721 
843 463 
446 208 
5476 3378 
4047 4199 
3621 5285 
2720 7457 
5934 6898 
2176 4732 
394 5449 
4585 6389 
5442 345 
3950 2589 
1812 6917 
7386 1099 
1768 1148 
4550 4490 
1839 633 
4018 3643 
6821 756 
4854 4717 
7285 4751 
614 3954 
4112 7408 
4106 623 
4651 3701 
1632 7993 
3693 2124 
5304 1597 
4289 811 
2957 5919 
1328 5133 
1818 120 
2560 1916 
4142 6804 
328 7297 
6261 5308 
3238 6173 
5742 7531 
855 3643 
6924 4466 
771 7289 
917 4988 
3840 4049 
6167 5738 
2022 3093 
5535 3733 
8065 3445 
6768 6065 
3322 3309 
7531 2019 
2588 3432 
2862 1945 
3256 4376 
7330 6493 
2085 4206 
7304 3632 
1405 940 
3126 3385 
6882 5203 
3448 6597 
6557 6457 
6005 7442 
3110 2325 
2820 802 
2431 3881 
220 6496 
1110 2462 
1181 5602 
5574 4237 
1102 1736 
1117 924 
2009 6044 
100 2984 
6150 7988 
4533 6011 
7132 5994 
6796 6497 
7752 6025 
212 1335 
3230 7381 
7913 7617 
632 1578 
2720 2653 
6835 1221 
5575 2068 
157 4279 
6589 5275 
1130 5053 
5451 5194 
1544 1607 
3632 7177 
5551 3639 
1664 348 
5045 4383 
6989 6915 
3079 5496 
325 7793 
7692 5356 
5088 2236 
1228 1467 
5809 529 
7143 1685 
5171 7749 
5358 513 
414 3013 
3901 7541 
3089 6305 
5660 2079 
3881 1898 
5094 759 
4532 7500 
1937 4203 
7183 236 
1738 535 
4921 6878 
7373 1288 
494 2904 
1308 211 
4170 2934 
5837 2192 
1830 2438 
6470 2214 
1501 1621 
3791 5589 
7572 6222 
1494 8000 
5349 556 
4871 4907 
6243 4384 
279 286 
4278 2479 
6474 5099 
5719 5759 
2939 1617 
7171 6979 
7812 4095 
5814 7140 
5536 1944 
1128 2032 
7151 86 
7862 4539 
5708 6920 
6841 7976 
359 1533 
3961 910 
5547 5467 
1832 3339 
3288 2591 
1284 2485 
4263 3877 
765 4502 
1729 6144 
4495 262 
7680 7088 
1260 4362 
21 6319 
30 2104 
2181 753 
5358 6319 
1287 5201 
992 5678 
978 4234 
8040 2682 
6346 2211 
5717 4424 
4260 2831 
2318 967 
7523 1265 
5927 2375 
900 5918 
3104 1270 
862 1553 
4845 3056 
2910 8063 
4214 3676 
4312 5106 
2161 7040 
675 4933 
2028 6214 
3246 2348 
6022 1344 
2447 1297 
5512 1945 
4145 5509 
770 7022 
5126 2313 
4575 2236 
4155 4968 
5587 5882 
1189 1377 
7354 6612 
6867 2800 
644 7042 
6140 5716 
2117 3580 
3216 1161 
1117 774 
5041 3428 
4173 5098 
2570 1825 
6680 3305 
3520 5223 
1367 6708 
3774 6435 
6400 3310 
3907 6150 
3301 5112 
5220 6642 
3649 2308 
564 6438 
4733 3929 
6581 6155 
2874 3658 
8015 2686 
2591 6423 
7766 1072 
6392 7721 
7114 7995 
1315 7735 
3109 265 
5168 7869 
1663 1688 
2281 7273 
2413 4205 
3335 4345 
4384 4599 
6563 908 
2468 3617 
2929 6197 
3868 4125 
4093 4858 
7268 1607 
4760 5021 
6764 4434 
260 1776 
2020 7082 
2181 496 
128 932 
2343 1715 
4581 4783 
5464 3899 
6607 1449 
6916 1488 
1475 6753 
6037 3813 
58 2561 
4382 811 
1111 6312 
4840 642 
558 327 
3594 2330 
747 2875 
6414 5067 
7580 1137 
6729 7147 
5552 2203 
7924 5633 
2612 1965 
3770 2752 
5286 5586 
5247 4164 
6150 4117 
7328 3522 
3050 4293 
6012 6467 
4256 444 
5797 6814 
7917 6567 
7894 4172 
28 1541 
3125 7335 
4193 2257 
7581 487 
7907 7237 
6315 2201 
1133 6105 
5679 169 
8001 4738 
5304 7330 
3048 7075 
4854 4611 
2999 7226 
4756 3990 
3113 457 
2149 3436 
2251 1240 
1549 2399 
7212 3915 
3126 6461 
5245 3710 
7068 2140 
1325 2147 
3513 6755 
5899 6501 
2053 2710 
3420 3973 
376 43 
2168 5557 
529 1808 
3476 5372 
4670 4423 
3064 5424 
2091 1889 
555 5411 
7734 3766 
4091 3183 
206 3531 
5202 3223 
6179 6178 
149 1684 
2485 387 
7136 6252 
6316 5894 
3287 513 
7100 7847 
3347 7967 
114 6885 
1438 3915 
5963 1622 
5758 7126 
1588 1188 
6992 2420 
6317 2756 
5836 7339 
180 4772 
7673 6692 
3020 4892 
6714 2468 
4467 3849 
3391 6097 
5248 5131 
7784 1036 
1833 457 
1698 7841 
5327 1495 
629 6560 
3096 3921 
5499 3739 
7419 5003 
5363 3399 
7023 2830 
5510 6204 
6807 3291 
7199 6015 
2138 934 
226 7830 
4950 5557 
7231 3627 
4287 1733 
3330 6052 
6688 7695 
3313 7499 
4267 1235 
4381 3256 
5882 6633 
3691 5027 
6258 6801 
7172 5424 
5586 7499 
2788 4012 
5745 3938 
3179 6122 
2271 492 
5716 6287 
3504 7611 
7745 3290 
3888 5560 
492 5177 
6339 4374 
3823 3017 
6050 4142 
2813 7080 
4611 1414 
570 4399 
200 6429 
6052 4200 
3715 289 
6766 7678 
1384 4597 
6255 1795 
7343 6002 
8021 1506 
4021 870 
630 980 
7677 691 
6750 7473 
5470 4112 
6070 1799 
5976 1191 
4554 7724 
761 3853 
6066 3700 
2512 1032 
2175 3705 
2558 2626 
7587 6672 
726 2120 
7646 4775 
1621 6463 
6461 2695 
1583 5153 
3557 320 
6552 6461 
7769 142 
4749 6820 
3830 3017 
904 592 
3529 1796 
1731 5997 
4885 6109 
3236 1969 
3959 968 
282 6520 
3865 6832 
5082 7863 
5940 1875 
1873 7094 
541 413 
7198 6664 
3778 7708 
6581 486 
2993 3737 
3001 5418 
955 576 
1463 326 
7732 7294 
52 4083 
6673 6732 
348 3433 
3682 4421 
2255 1336 
5831 1501 
5788 6416 
4369 3827 
2991 4099 
7746 706 
2385 7183 
1468 4582 
4628 926 
507 1908 
1848 4034 
2496 4237 
5446 5165 
623 7405 
5845 5565 
5725 6215 
2748 6576 
6360 6275 
2356 1844 
4505 2434 
5742 382 
3010 454 
6776 960 
5474 4074 
5908 4624 
2546 2822 
7229 4705 
4021 18 
7325 7085 
6536 7761 
4599 5376 
7018 3907 
28 971 
1202 2789 
993 5792 
2603 3693 
4688 2646 
5821 5839 
3059 7352 
2927 4374 
4496 1488 
7217 2417 
5497 5244 
2485 235 
4635 256 
7049 3849 
3748 6403 
6673 879 
5445 4693 
5460 1251 
5634 3086 
6609 2214 
2711 7533 
643 6082 
2125 504 
1841 2027 
758 5143 
615 6948 
4521 8061 
524 7551 
3281 1536 
4859 6370 
3126 6319 
7308 6508 
5323 5931 
2972 1975 
3419 6263 
5572 2890 
350 788 
4366 852 
6264 7972 
3612 5643 
2666 1146 
4566 2977 
3350 321 
3103 6738 
3074 1938 
5430 2617 
811 5055 
3631 3874 
76 3025 
3304 4205 
579 5117 
3714 5260 
6563 4444 
2407 5548 
6373 5469 
4867 7743 
3187 4126 
4106 147 
4060 3717 
4527 1780 
4708 6178 
7211 7172 
4970 3942 
3964 78 
6429 6246 
8037 6283 
2727 6809 
3487 2260 
6040 3263 
7180 3469 
6371 3793 
4493 5768 
3930 2908 
5677 2004 
7393 526 
5191 7273 
4098 1419 
7995 1189 
6394 3434 
5638 6517 
3064 1894 
1188 872 
5398 3151 
4052 1394 
412 4391 
4474 4536 
3304 3537 
7992 1645 
1217 2036 
91 1475 
6678 4542 
5206 5212 
823 1283 
3205 6167 
2046 5961 
3832 5303 
630 598 
6569 6874 
1838 5298 
6792 6039 
7496 7177 
3572 3425 
2458 1338 
5479 5327 
5104 6704 
7713 314 
4892 6652 
3831 4802 
5464 4958 
5957 5666 
1838 1881 
2357 389 
121 3445 
5925 2966 
7865 2587 
2485 7119 
3778 4754 
7533 3904 
4728 666 
6372 7210 
5185 2935 
4812 6553 
5176 6324 
1150 4904 
3183 4690 
4736 1940 
1413 2456 
6017 4344 
5087 5195 
4899 2926 
2839 8037 
3497 1960 
668 6585 
382 7679 
7 4890 
2478 1246 
6851 7163 
3845 7060 
1412 5374 
6796 1073 
1374 5346 
2015 4325 
3532 2946 
4688 3559 
1845 503 
3251 2362 
2193 6962 
3490 5819 
5464 6854 
4099 6031 
2952 7936 
7872 1350 
6784 7147 
2280 3199 
6158 118 
6831 7387 
2381 6768 
647 803 
1201 2602 
1124 6490 
3944 709 
7163 5878 
2143 7741 
5202 7317 
1261 6445 
1513 6308 
4169 3491 
3967 1814 
7964 1546 
3523 6628 
4671 7731 
4878 698 
3482 7854 
622 739 
6676 1900 
867 41 
3943 4681 
5516 6798 
4174 6302 
3709 3036 
608 1502 
6218 83 
5192 5598 
947 1990 
6778 4808 
6941 3953 
5871 981 
5010 3281 
1102 2573 
7908 1865 
3581 4404 
2873 7168 
4494 5795 
5790 2659 
1790 2707 
1704 143 
3071 365 
4474 2799 
4443 3266 
1782 429 
296 2973 
640 2667 
2040 5985 
6415 6943 
3128 7320 
3333 2512 
2080 1939 
2629 5609 
1885 5594 
6559 5658 
1084 5710 
6731 3619 
6190 7689 
476 1228 
2501 1564 
578 5844 
7389 7955 
2990 3578 
646 5330 
3672 4919 
1749 7102 
1028 7079 
7812 3716 
7701 5885 
231 6370 
7075 3378 
7352 1875 
1423 1395 
7915 1580 
2933 3153 
1625 2272 
3670 7905 
6731 3455 
981 1594 
7891 7377 
8020 1349 
3632 2681 
3405 768 
1885 452 
73 2859 
419 3412 
5199 6891 
2584 1972 
4744 3938 
3239 1588 
1801 1348 
4654 3238 
1761 4215 
7393 7669 
6772 6859 
6999 3949 
1281 454 
447 7378 
66 6018 
8021 1996 
6095 6783 
3648 1803 
6643 3985 
4672 235 
75 4749 
1830 2611 
3126 7146 
3797 7015 
7 7745 
6951 7113 
4239 2345 
3800 1797 
2657 2703 
6137 5391 
5279 3689 
911 2091 
3201 2758 
2706 8043 
7099 242 
7665 4313 
2640 5067 
3705 4182 
1393 6927 
7113 493 
1935 4416 
4265 7575 
3979 1139 
3884 2905 
3856 3993 
6320 2687 
4699 846 
7154 6708 
7753 881 
2518 2660 
6777 379 
5594 1898 
5727 2672 
2548 4672 
7360 6876 
6767 1928 
3659 3773 
7559 4800 
750 1093 
1877 165 
426 6646 
1802 3731 
5374 1739 
2596 2542 
3089 4260 
1580 3038 
691 15 
7590 5384 
2186 946 
7170 6406 
2832 6453 
6699 4037 
301 5085 
5149 2084 
4796 4798 
3250 5947 
7596 5989 
5731 3251 
5972 6813 
4972 2118 
107 5201 
1628 6926 
203 1558 
2980 132 
2922 4341 
3074 1392 
2348 6741 
6578 4286 
1075 5498 
3353 3184 
5140 121 
6547 3166 
3178 963 
4162 5734 
2168 3405 
1724 3669 
3250 6239 
3946 7113 
5210 924 
4304 5338 
4532 5904 
5768 955 
2072 5097 
577 5438 
5342 1261 
6402 5399 
6224 3895 
2464 5683 
4397 2967 
6484 6466 
255 2412 
3246 566 
7104 7579 
3394 6859 
6494 3334 
2003 7351 
1366 4395 
1473 1137 
2232 3654 
2431 4628 
6239 5669 
4613 1639 
457 7725 
6287 5850 
304 7093 
4534 1896 
2607 3973 
7978 4228 
4969 3403 
7637 2687 
6476 1368 
4279 1152 
2616 6916 
2195 1170 
7438 3935 
607 7815 
4181 8034 
4297 7213 
6118 4849 
7602 554 
177 5627 
6639 830 
3110 4480 
209 3947 
3366 6706 
2211 3223 
1473 5700 
2812 487 
5108 5057 
5960 2566 
763 5841 
11 3184 
4578 1135 
4368 1549 
2985 3045 
7705 2345 
7750 4809 
1984 6844 
4295 7789 
5813 5464 
279 4181 
2461 6168 
1484 4208 
88 6798 
4050 4306 
7080 687 
7315 7992 
411 1043 
263 1377 
541 4738 
1773 4626 
2831 6990 
301 549 
6224 338 
1473 1471 
2850 7420 
7968 2860 
4524 5224 
3881 7390 
1226 7354 
1248 6480 
7469 3012 
613 3619 
1774 880 
4902 7173 
5398 2351 
2338 4416 
2365 2744 
808 6118 
307 5554 
1954 5223 
6607 3677 
6512 6217 
2057 2924 
1954 7144 
3073 5158 
1446 8011 
8063 7384 
2296 4639 
6668 5982 
20 3495 
299 4453 
2328 5196 
3436 3583 
7969 2998 
3711 2860 
4171 5419 
4928 7223 
2286 2790 
1155 1336 
4498 1050 
5139 3598 
6428 3191 
2873 5845 
4699 2187 
5395 4293 
3540 4499 
5818 5458 
4788 1287 
1715 3111 
7982 1218 
6541 1579 
7431 6717 
7426 6246 
2481 3499 
7212 2520 
5258 4817 
1579 4540 
5741 5942 
47 4294 
4367 2659 
5945 7041 
4498 3191 
6943 1213 
6085 7406 
7446 1957 
4470 6784 
5922 1083 
2589 7597 
4782 2249 
2148 7239 
1033 1334 
1500 6445 
3080 7745 
4825 5945 
7406 3120 
6620 6991 
4817 4309 
3020 6769 
6304 4348 
870 2285 
6770 1225 
2531 7153 
6758 7835 
4231 6571 
5403 8002 
1904 3699 
3949 6890 
5136 88 
3578 7019 
5802 2682 
1661 589 
1651 3502 
4441 7030 
4521 7112 
2604 7474 
720 4334 
1956 968 
338 6041 
3987 5046 
7280 747 
5792 7019 
4459 3935 
7339 3195 
3977 940 
7511 7634 
4386 3729 
4699 7423 
7031 3640 
3873 2327 
5770 5516 
2329 2240 
4247 4107 
125 3261 
3108 656 
1106 1595 
7930 7486 
2486 7554 
3062 600 
1539 776 
7291 4110 
2785 5271 
4137 3540 
2369 2033 
5086 4038 
5892 3609 
7034 2207 
7348 2945 
3409 254 
5688 2935 
3978 4915 
2557 1497 
1820 4455 
7662 2052 
3877 599 
4895 5259 
2236 1243 
5481 4177 
3715 389 
521 4688 
1669 3549 
999 2732 
3808 7066 
3497 5438 
4219 4703 
7863 4748 
7515 984 
3726 1763 
4456 4021 
7872 47 
7567 2625 
4293 1539 
3952 5757 
5298 4942 
435 2848 
3856 1689 
6560 4873 
2573 5922 
4842 4536 
6895 2256 
756 4065 
3809 6191 
7613 1962 
6034 7602 
5333 1730 
440 1016 
1112 2043 
6268 1612 
5575 1451 
6217 4934 
3168 556 
29 3976 
5898 7727 
6108 8063 
2303 6768 
7946 4980 
7632 558 
804 1468 
3887 7109 
6374 7620 
654 7303 
3165 2011 
1544 4213 
95 5190 
4545 3115 
5038 5386 
3069 1478 
2128 2486 
3648 855 
1934 2792 
6250 1012 
6200 4363 
3210 1256 
2744 3218 
5421 3462 
7019 1619 
4111 4621 
6991 7866 
7386 6996 
4884 4210 
4029 453 
7586 7073 
3319 6380 
3795 4167 
7092 5601 
7947 7902 
7225 3526 
696 7626 
1778 5071 
83 1658 
4455 7810 
6738 5684 
7305 953 
1245 3236 
5635 267 
43 5070 
4754 1207 
1456 5286 
104 5844 
7429 7624 
4477 7314 
4389 6292 
8057 8047 
2551 5794 
7431 6132 
4600 1668 
2150 7534 
5447 4225 
2617 5350 
6672 4630 
6427 4572 
315 7103 
2503 2599 
5927 6517 
4023 4948 
2618 6110 
6333 5417 
2955 7322 
1504 2236 
5835 6880 
7000 3736 
2614 602 
562 4101 
7601 3617 
2256 3229 
8038 5776 
3277 6992 
2940 7019 
1720 5971 
7510 5131 
5305 778 
6035 7105 
5969 6395 
583 4031 
1001 5863 
1502 1140 
7796 5426 
4619 6289 
7217 6926 
5064 5113 
7921 1961 
597 3394 
5507 7367 
3157 5344 
1515 1961 
1205 4463 
6438 7603 
6474 6768 
191 4515 
6348 203 
471 6627 
1335 1731 
2498 2680 
6436 4954 
6676 3105 
4193 4999 
6792 2920 
3394 6922 
2311 5258 
3376 1590 
894 6188 
6674 6426 
7011 5970 
7881 1183 
2670 4371 
5182 6030 
1303 5619 
4587 496 
6310 1559 
3416 4250 
974 1722 
2819 256 
4253 2100 
5651 7248 
4249 1630 
1797 6303 
2440 6859 
7310 6265 
3715 5142 
7058 2601 
565 1607 
7825 5409 
3598 2971 
4194 1008 
4509 6550 
6792 4351 
1181 3784 
2074 6776 
4739 7715 
4157 576 
4537 6998 
7797 6287 
726 5284 
1229 4475 
3572 3056 
2620 3528 
3810 2611 
1784 5053 
6666 1278 
7187 1167 
2110 2774 
940 6110 
3263 5924 
7705 7428 
5105 1924 
1798 2552 
7442 2985 
5530 7794 
5753 7313 
1821 531 
4507 1325 
4458 156 
2638 5274 
2277 7596 
2021 6128 
5319 5396 
1775 1116 
3280 4473 
6247 6986 
5702 420 
3942 5111 
3781 116 
5211 737 
487 72 
3646 2326 
2549 5465 
342 6675 
840 7840 
1504 4558 
7478 1 
3559 3286 
2448 2627 
7933 2509 
4492 1930 
4870 2976 
5685 2341 
7100 551 
966 1814 
1060 2662 
6671 7777 
1694 561 
6138 2841 
7568 4656 
455 3644 
7896 6816 
4383 6097 
1077 3976 
4827 2758 
2108 7876 
7574 2296 
5671 5339 
1215 536 
7064 399 
905 7242 
6102 4512 
4128 6534 
5485 7601 
4486 2363 
3689 240 
7607 2515 
2377 6006 
7887 6689 
1915 4333 
4162 1721 
5741 4323 
2095 4049 
6777 7393 
6398 4899 
2131 2857 
4014 5461 
4665 1720 
5306 4938 
1234 6404 
3807 7935 
1239 8019 
7973 7043 
1630 2006 
1536 4020 
5057 1453 
7716 2693 
3380 4034 
283 4749 
2132 3790 
7760 3834 
3028 1243 
6096 2945 
3061 2896 
3100 4162 
6359 2993 
5528 3136 
3691 7971 
5039 3336 
4567 4918 
7330 3161 
5110 1427 
1515 1920 
6247 3805 
4810 1174 
4067 7422 
885 1202 
1498 5439 
5323 7285 
8057 5585 
7688 5769 
601 4621 
7553 6202 
2219 3495 
1113 5513 
1204 2958 
6060 7988 
7722 3204 
4251 7864 
874 4727 
3478 5082 
5652 7118 
635 2031 
2076 8031 
6089 3837 
2630 1155 
7651 6893 
3189 3443 
7810 6755 
213 4437 
5053 4710 
3699 1539 
2375 7330 
588 5390 
5848 3488 
5606 2951 
5654 6795 
6500 6007 
667 2296 
1150 4795 
3655 3530 
127 3718 
709 2261 
6896 5578 
2768 1220 
4575 5056 
6903 2572 
7425 4510 
559 1186 
1092 4653 
2883 6989 
7401 2046 
5861 4705 
4883 2384 
1255 5822 
12 2721 
2431 3350 
1173 7295 
1003 1814 
575 6552 
5161 5157 
7633 3226 
890 6088 
3313 5473 
4933 6069 
5441 371 
5820 1651 
6419 2974 
3112 3679 
3372 1137 
4934 3335 
5750 708 
1831 5966 
1679 6019 
6331 4925 
5585 1263 
7417 7404 
2820 6639 
7372 366 
5675 451 
3127 4697 
7275 1796 
5055 3977 
5309 4275 
206 222 
2911 3646 
6675 4128 
668 6908 
4916 4781 
5557 4633 
4405 2114 
6965 7008 
5622 7998 
932 2997 
5721 7860 
5928 7289 
5172 7164 
7663 6884 
7672 3153 
350 4780 
7185 951 
2948 6727 
1847 5139 
7081 1821 
5963 5232 
5290 27 
4047 1886 
1079 2869 
101 2280 
91 7721 
5777 5678 
174 7492 
5514 5997 
966 7007 
3326 817 
3212 7103 
1566 3481 
917 1374 
610 3233 
896 1192 
2370 2721 
5944 5471 
3382 5790 
6671 1584 
2905 5273 
1784 2017 
2274 1276 
1433 8005 
3799 7062 
2097 4050 
6826 325 
6927 5315 
2884 3226 
4056 3492 
5837 5414 
1563 2032 
6881 2092 
5477 3360 
392 6783 
4332 4416 
4666 6650 
2392 4379 
1484 334 
2387 1330 
6645 3575 
7394 73 
3456 5463 
6080 1735 
4067 2974 
636 7253 
3446 8011 
4933 7869 
4452 7528 
4693 2192 
676 3030 
5269 4264 
717 5486 
5112 2391 
6360 7232 
4151 4534 
4828 7291 
7111 3784 
103 1580 
1736 2135 
2731 799 
8036 2771 
7471 3232 
196 3509 
4564 6006 
1739 168 
4713 7328 
7440 862 
662 3025 
1156 5251 
2223 11 
2760 2357 
5426 1356 
2928 4598 
713 6721 
5518 6229 
857 417 
5283 2213 
30 5180 
7527 6290 
5228 277 
5975 7364 
343 24 
4444 4670 
7723 2146 
3891 1055 
7432 5765 
6407 2827 
1100 504 
4848 4178 
2228 5316 
3396 4816 
4590 7498 
4100 1069 
3497 2274 
4189 6930 
3220 1553 
5651 508 
6502 3527 
7806 4714 
1215 973 
6750 1412 
8055 5324 
1753 3791 
7879 3243 
3110 2729 
6724 7156 
6442 940 
6517 4811 
3159 5537 
4836 402 
1621 7017 
4992 3305 
6230 2309 
2963 3062 
4880 7491 
910 1870 
5625 475 
3428 232 
7049 2789 
1621 5382 
1875 4759 
5644 7389 
815 2860 
1611 419 
7969 1291 
4193 3707 
5775 7364 
7916 3245 
670 4287 
5884 4153 
6209 7082 
4383 4571 
5853 3035 
4134 4000 
6567 5146 
1123 5410 
304 6121 
2774 2842 
1332 7577 
1228 5067 
1694 6155 
8005 4477 
2522 5270 
5817 2481 
6863 145 
4109 2794 
5103 5470 
4545 4359 
4787 7903 
2919 4433 
767 822 
91 3613 
6707 186 
6215 4687 
3642 6135 
7892 5870 
1238 7124 
3085 7498 
4585 5338 
7058 4857 
5552 2703 
3530 7884 
4668 423 
5204 5911 
1224 7722 
5593 1686 
4970 7293 
6285 1951 
6969 5788 
4573 2528 
4964 3058 
3425 5041 
4646 4169 
585 6976 
3333 6695 
7468 3695 
4074 4598 
403 7998 
234 3703 
1119 167 
4591 7568 
4964 3516 
76 7738 
2318 3267 
4666 7041 
6528 3741 
7991 1774 
4660 4485 
1072 5610 
4634 7757 
4285 2162 
7874 2636 
1359 7689 
5342 4256 
1123 6049 
4078 2285 
2846 1083 
5547 5724 
3215 4016 
2619 5065 
2687 7709 
1472 1181 
4765 4010 
7356 3450 
4695 4600 
960 1815 
2575 7293 
1915 6684 
6075 7815 
6244 6568 
5991 5297 
433 4569 
6769 5640 
7115 5940 
2913 4828 
951 5439 
5766 5906 
312 1225 
1341 1842 
6255 7977 
562 8071 
3192 5316 
689 5395 
261 562 
2139 206 
2099 4617 
7828 943 
2058 175 
161 2429 
1248 3486 
162 1205 
5902 570 
4752 5478 
2306 3162 
6207 3098 
4600 2293 
3892 3517 
2784 676 
7131 6661 
1569 4160 
7825 7391 
4127 4934 
5661 7019 
7134 741 
743 2384 
606 5889 
6127 300 
2747 1108 
726 6786 
5403 7268 
4237 6778 
948 4802 
6752 3438 
25 7661 
3101 2082 
153 4735 
332 5389 
5594 5652 
4352 280 
741 3021 
334 5568 
7571 5194 
3184 3217 
1155 1270 
2104 1227 
7655 890 
1977 354 
2743 4355 
7148 6968 
2182 7373 
1794 3886 
7065 4287 
3098 2650 
1773 464 
6740 5172 
4942 3782 
3427 2858 
2013 2067 
4410 52 
3006 3852 
4273 6274 
7304 5756 
4673 4112 
7223 20 
7607 4693 
1995 1086 
1168 6027 
414 2350 
1164 4042 
2893 4052 
7093 3990 
4042 767 
768 1114 
2243 7368 
5176 146 
2490 1259 
1712 1313 
6403 3540 
3474 7698 
4580 6045 
7162 4910 
3796 573 
1938 5101 
7883 7476 
8032 4859 
703 3505 
2192 7456 
1548 6307 
3532 2399 
316 4142 
6895 1755 
7825 7049 
1302 119 
2387 4201 
264 6694 
4028 1403 
7853 76 
5413 5492 
2176 300 
5003 6970 
2490 3800 
6715 3138 
1160 1937 
4022 2868 
295 359 
2442 336 
5821 1739 
1758 1724 
6340 371 
6831 4497 
3431 2463 
224 4439 
634 4142 
5680 6912 
7238 4045 
6903 2428 
6887 3154 
6440 3379 
2384 2719 
6986 2659 
1644 3533 
4970 5837 
875 1881 
3113 6670 
7927 5560 
4331 358 
4927 1461 
4964 5756 
7327 7844 
6067 5546 
3098 7151 
5752 4727 
5512 7439 
3448 738 
6516 5497 
1111 2447 
37 3795 
6570 3873 
4605 6002 
2358 6437 
6748 1463 
7638 2637 
3628 5763 
5322 3030 
569 7984 
6398 4073 
1560 5903 
4007 4657 
289 3752 
2580 7211 
6058 5332 
4586 1888 
4478 4729 
2166 355 
5392 7370 
6147 1550 
2754 438 
2487 3027 
5437 1282 
3702 1524 
70 6279 
1359 2029 
7593 6248 
7642 5756 
4701 6897 
3936 165 
820 4665 
3756 965 
139 2427 
5178 4757 
573 2690 
4022 3808 
6890 4921 
7264 5812 
6998 6724 
1548 1706 
470 130 
1779 163 
2415 4771 
340 1410 
181 6528 
5472 1020 
1566 1834 
2281 731 
1699 6795 
5033 6995 
7467 4301 
200 7603 
1886 7826 
3649 2671 
3892 7781 
4631 7343 
7826 3858 
3888 1477 
7133 6155 
3044 3831 
7678 7754 
991 5028 
5288 1863 
1351 207 
7008 5266 
295 395 
6778 3089 
2029 2996 
3058 3463 
1358 2354 
3352 2934 
5994 4959 
5825 7734 
5836 6958 
5408 2176 
374 6573 
4713 3120 
413 3404 
4357 2316 
5027 952 
602 544 
2687 6682 
2621 930 
6989 1376 
1603 6392 
2636 5101 
4746 2892 
2048 2225 
5092 5105 
7527 6672 
8004 3737 
7490 7951 
403 6262 
3298 253 
1703 6177 
683 147 
6177 7250 
5611 1047 
6467 1849 
5703 6676 
2577 7167 
4055 6435 
4103 4606 
7209 716 
1898 7620 
7076 906 
7865 3004 
5644 692 
5305 7876 
5298 6888 
4541 4401 
7976 3918 
5024 3890 
7350 1251 
4021 828 
5907 4795 
7102 7163 
2888 5286 
5108 4070 
735 2818 
1203 2564 
2224 5495 
4378 6778 
5069 6080 
418 6133 
5593 3141 
6362 2081 
7131 1263 
2133 3856 
4722 2116 
7702 3360 
3589 7058 
7825 5332 
2167 3608 
160 3111 
4982 2874 
1769 6697 
68 2439 
4215 2079 
3232 5892 
1812 5993 
5083 2126 
7146 4733 
62 433 
3461 4030 
3167 7128 
5640 2710 
2825 2222 
1165 3694 
1302 3708 
1292 7610 
7655 628 
3685 957 
4540 54 
7310 4884 
3077 7751 
5242 4914 
7271 5197 
2291 7589 
4463 2347 
1800 7487 
519 6055 
2086 2692 
766 933 
431 4006 
795 2491 
2543 3312 
5253 284 
4369 5088 
7975 1709 
2271 2855 
468 5093 
7369 6561 
878 6343 
3723 1575 
3865 3756 
6574 5349 
1435 7260 
7358 1620 
3188 1714 
6128 5212 
3156 6338 
8022 6692 
1524 564 
125 7055 
4824 3173 
7692 3687 
1866 2484 
6418 3543 
4701 6447 
6924 2113 
6597 6772 
6790 3133 
6965 5526 
5282 1977 
6193 1535 
576 840 
7840 1403 
7622 3839 
6639 6664 
4993 1981 
3108 2992 
730 6673 
5782 7080 
441 6942 
7528 7240 
5720 7756 
1863 7865 
2698 3089 
997 2413 
6430 2254 
2451 8041 
4498 4823 
6878 3154 
6906 7140 
7073 2652 
4339 3888 
3043 4487 
4230 6223 
7615 6193 
5524 4184 
2008 5003 
2838 7713 
4817 8071 
5297 6732 
4041 7439 
6907 2582 
1977 309 
7263 7575 
6263 6444 
5647 4684 
5683 6352 
3488 459 
1506 4123 
562 2766 
5199 4925 
7525 2997 
7084 7835 
6682 708 
3516 5807 
7722 4939 
4070 3976 
251 7378 
8026 5062 
5044 8003 
2862 7069 
737 1230 
1482 6100 
7070 871 
5368 3342 
4076 5992 
1842 1455 
1380 4065 
2357 6551 
6032 1537 
4548 1718 
3001 4334 
7214 2403 
4196 5086 
2368 2968 
3251 4725 
2071 4813 
792 4647 
4536 7755 
6274 287 
6412 3737 
823 977 
139 2734 
7679 3623 
1357 8057 
432 7863 
2990 7335 
417 3949 
306 2840 
1741 5660 
6501 7894 
3699 6706 
6838 5287 
7725 238 
1598 2002 
2112 7459 
7307 7264 
7781 4099 
2263 6056 
3093 5381 
3578 1272 
5495 5926 
4430 2781 
6769 3576 
4563 3621 
6476 2628 
7828 7372 
3618 3935 
4239 5095 
1247 7605 
7138 1029 
2919 6608 
4552 6058 
4684 4578 
4210 930 
5513 1677 
7796 2093 
210 2049 
7710 1408 
6330 888 
3701 4413 
4283 6773 
7787 2825 
954 4729 
246 3776 
2760 1305 
7847 1665 
2659 7431 
2575 5645 
4551 3162 
757 1199 
260 5617 
4423 2108 
5083 6300 
4214 4242 
3149 2411 
2320 6647 
1071 2220 
3605 996 
2101 5715 
3544 457 
4771 7990 
814 6139 
2583 6072 
1263 3531 
3030 1213 
7571 233 
3924 1278 
1080 4252 
6961 11 
2563 1871 
8011 5208 
4867 1473 
6425 4455 
1857 6440 
2904 4469 
7260 8039 
2233 4683 
4883 813 
2573 5037 
5495 1458 
3828 4303 
2500 4315 
1657 547 
1783 6479 
4087 1014 
3923 3696 
7004 1777 
635 265 
7913 5765 
1381 1523 
255 1431 
3180 1345 
6391 266 
2437 4602 
5712 3297 
1662 4820 
6760 2246 
2163 714 
2459 4542 
6300 3111 
2745 4358 
5322 4276 
6766 3207 
6314 2794 
219 5094 
7294 6205 
4503 5852 
193 6592 
995 1241 
5505 1716 
5525 1357 
4736 6810 
7144 4880 
5124 4704 
1172 684 
1487 3430 
1451 2496 
7688 6265 
7733 6046 
1122 1548 
1120 506 
1408 5812 
5984 2833 
3883 3993 
1805 748 
2944 7879 
7061 1694 
1742 6509 
4483 1716 
5643 5804 
6450 5374 
5830 3700 
4915 6643 
804 5860 
7076 3427 
305 4133 
5515 944 
3319 4853 
3354 5660 
6106 5207 
6510 6001 
7068 6502 
6961 4734 
401 2052 
1055 5935 
6213 6025 
2365 2042 
4349 16 
3936 5616 
6796 3108 
7808 667 
6433 2360 
3804 4213 
3354 5547 
5587 801 
5785 2305 
7532 459 
7460 5427 
7347 4527 
4993 2149 
6601 7664 
3550 6389 
6333 1675 
419 7792 
5556 2067 
5988 6403 
5294 2314 
4762 2105 
3457 3627 
492 3407 
6036 1633 
2030 4469 
6902 7888 
6652 6603 
1320 5342 
5700 1688 
6646 339 
7885 5308 
6748 5806 
291 3968 
196 5016 
7784 49 
7474 4007 
718 6818 
3397 1022 
3933 505 
8064 2619 
3081 3528 
2688 4453 
4174 4927 
5624 1861 
6083 7503 
4573 3323 
5617 8077 
5598 1674 
3323 7961 
2725 3856 
2248 5136 
3101 7386 
2308 202 
2204 6000 
5685 2429 
3214 842 
426 332 
6820 4746 
5191 2537 
2731 1300 
6274 2476 
2360 1767 
2037 552 
3139 7515 
4147 7333 
5380 2110 
1314 1764 
7277 5658 
5948 7805 
1528 832 
1847 5157 
6993 6912 
6838 1357 
6431 38 
5518 6610 
1426 6476 
2077 4970 
7427 3891 
3284 5531 
2658 1047 
2802 2109 
134 5105 
5895 6043 
7804 5209 
6161 778 
6328 6131 
2304 4032 
4043 965 
244 4016 
4528 6860 
4033 3208 
5789 6017 
3502 6475 
5986 4046 
4408 7281 
5975 7643 
4562 1896 
5135 6299 
1769 6126 
5382 7826 
1560 638 
130 6778 
5876 7464 
5607 3431 
5689 2473 
3792 7010 
4216 7982 
516 2674 
4552 7118 
1460 3918 
3222 6956 
2425 944 
4100 4673 
476 2381 
7436 518 
5658 5774 
1555 3155 
1628 3601 
6385 4289 
2021 4797 
82 4782 
3801 7564 
5842 360 
4803 7626 
3789 2368 
3654 3684 
5859 7980 
433 579 
5922 1891 
6020 4850 
3453 6386 
1924 2492 
1404 6472 
3305 5151 
3746 1102 
7576 5292 
1682 3977 
4233 8078 
2683 7558 
3521 882 
6266 3350 
3688 3530 
3508 5382 
7122 5958 
1520 6023 
5599 5949 
4551 6282 
2979 6337 
3318 2933 
7081 5524 
7493 4198 
7644 6782 
3665 7403 
4554 2399 
6241 679 
7279 2920 
6792 509 
2780 6576 
4532 5396 
3847 6830 
7180 7998 
6436 5354 
4295 320 
2155 6752 
5068 7657 
2407 7603 
4614 1808 
458 4350 
1317 2261 
7619 7262 
6119 7873 
6193 7399 
6581 2781 
396 5081 
4247 415 
2823 3601 
1663 4975 
3812 1408 
5377 6985 
2201 1942 
631 4171 
5114 2544 
4678 2791 
3560 4585 
4785 863 
2463 3735 
32 6851 
7265 201 
145 2150 
2502 1895 
7194 5143 
2169 7578 
3159 2918 
3725 717 
4709 5713 
4455 5257 
1978 1416 
5779 2628 
7506 3009 
244 5204 
6712 6220 
186 356 
3952 5658 
3534 4724 
7987 4671 
2533 2266 
2493 4371 
3905 1764 
4461 2191 
4067 589 
4417 4528 
2070 2143 
3477 7362 
6040 105 
5284 6001 
5052 3977 
4126 3947 
4158 1289 
2312 3412 
6069 5682 
3509 7992 
2964 7023 
3201 3862 
4149 1348 
5502 2207 
912 1795 
6225 310 
3796 2286 
7410 6820 
1815 1109 
6315 1834 
5888 972 
1697 1691 
1109 5735 
6257 1682 
7577 2703 
2315 2926 
5065 7596 
2455 5873 
6083 4522 
7429 148 
1618 2858 
6786 3118 
6775 239 
2667 5955 
2550 180 
6533 4883 
3167 6953 
7748 4380 
6577 7664 
7212 4983 
6234 1383 
5608 6555 
1941 6703 
6381 4555 
7286 7516 
4846 7632 
4677 2087 
5557 7951 
3355 6680 
1479 2966 
4464 936 
6197 5188 
4484 6134 
1462 1940 
4763 4261 
4659 6494 
4046 2109 
5385 2756 
2239 1446 
6180 5857 
4220 6474 
3656 5224 
