5728 2056 
4366 3854 
4979 2876 
3425 310 
786 2921 
750 802 
4385 3878 
4444 366 
620 1298 
1233 4157 
1616 5569 
595 1052 
4126 3100 
3686 1556 
82 4215 
2760 23 
1874 4213 
3054 4052 
3580 913 
4520 1213 
5131 3593 
2548 1287 
1102 858 
5510 1770 
557 416 
1438 984 
473 2183 
4982 2762 
4441 4070 
5075 825 
4369 28 
721 688 
973 474 
2185 2385 
1968 898 
1533 5449 
2116 1387 
4439 872 
746 3714 
2884 3539 
2765 4537 
5285 1596 
2612 10 
473 3890 
2077 1267 
4394 2216 
3837 4000 
387 4244 
3222 3884 
3635 3825 
4575 498 
837 3256 
1645 1109 
1054 2335 
807 809 
3932 142 
3886 3794 
115 2653 
5221 4799 
3160 2569 
5275 1188 
3516 3426 
4887 1822 
3295 4757 
1110 2460 
5084 5339 
5020 4901 
497 3870 
5671 5532 
3272 4634 
3532 4982 
1084 5282 
5191 143 
1400 2286 
3529 2477 
4140 5436 
2699 1903 
1995 3685 
5416 58 
1704 5500 
1957 1167 
1477 5096 
3691 5625 
2326 4664 
5515 320 
1937 1436 
1364 1864 
4768 5467 
5221 5594 
1929 3301 
5037 428 
1526 3677 
5517 4858 
1599 4969 
5168 2504 
2430 3723 
5564 1202 
1969 4939 
4903 4261 
2033 138 
89 2838 
2935 104 
2658 5286 
609 1370 
1660 788 
817 3125 
250 3976 
3632 3733 
1549 2600 
826 5550 
5011 2019 
3108 627 
4688 3336 
735 948 
2961 3997 
5487 2395 
5112 592 
2214 171 
110 5074 
5268 3457 
781 447 
404 4071 
1953 1570 
4032 4804 
1091 2127 
4614 3815 
3430 922 
3566 4796 
1272 2089 
1159 685 
2709 5217 
2634 2626 
3386 4299 
2454 5105 
1180 1606 
275 1390 
2524 1174 
900 4594 
4137 4687 
4186 255 
4357 2927 
3216 5180 
1336 4872 
1063 1292 
645 5585 
5114 5686 
2569 5692 
443 2057 
5202 5711 
2032 5656 
2806 2953 
5623 3711 
1342 588 
3460 563 
4713 4275 
3498 1889 
1587 4308 
4011 3726 
891 4292 
5583 4271 
4281 1505 
1433 4653 
699 1111 
2589 4403 
796 1322 
4992 3805 
145 3679 
4750 5410 
2508 1081 
739 4908 
3836 4242 
2771 2065 
3643 734 
2787 1300 
5053 2127 
4111 3392 
1389 4534 
3787 2717 
218 3414 
5492 2719 
4904 5561 
1421 2773 
2682 5578 
671 3339 
4443 1638 
609 5336 
3947 5528 
4847 1629 
1950 4276 
1460 2529 
4919 5450 
4260 2371 
484 3313 
527 5273 
5563 5549 
1193 8 
3250 3599 
352 3205 
2482 2512 
4710 3162 
3781 41 
700 924 
106 3053 
5004 3310 
943 488 
2984 5258 
2650 3742 
4086 3753 
1311 2994 
2712 4014 
1395 5421 
5671 1621 
1450 5458 
4244 209 
3348 2131 
2993 901 
2919 909 
4213 1575 
1908 4357 
2619 5483 
4968 1991 
3557 3286 
3629 3017 
3301 4401 
3245 1973 
4680 2694 
3065 2131 
1289 311 
2259 5133 
2329 4036 
4513 4930 
1151 2927 
3906 733 
4107 2919 
1185 1070 
4612 909 
326 5196 
2505 5718 
877 4186 
4914 3741 
4968 2409 
3961 2300 
4623 1416 
5594 2509 
1710 2186 
79 4472 
482 1700 
5300 2000 
4938 3467 
3201 410 
4190 4673 
3561 1987 
2000 4861 
1262 1529 
2038 5517 
589 2983 
5483 4154 
3821 4232 
3324 2973 
3626 287 
587 1869 
2600 1292 
4753 97 
1103 3783 
5020 2296 
5158 492 
5512 3943 
3799 1888 
2072 119 
4502 731 
4201 234 
1246 1901 
2302 2668 
216 927 
5376 1982 
2214 4297 
4281 5287 
408 5442 
325 2204 
492 5449 
175 715 
4619 1522 
490 2247 
56 2807 
2575 4034 
1121 4617 
419 3469 
1503 4528 
4197 137 
4437 1174 
2044 162 
589 2904 
4337 679 
3245 5527 
1102 5267 
3059 3173 
3163 3443 
3214 3011 
4985 945 
3043 4189 
3962 2186 
3199 3448 
4422 2698 
1486 4958 
1049 4245 
3335 2745 
959 4318 
573 889 
2379 5406 
4494 1614 
2241 1317 
114 13 
1149 4902 
4623 4570 
2466 287 
4428 2119 
5638 4940 
1790 1148 
1521 3880 
1368 662 
3207 5380 
1500 1697 
3724 3716 
4254 1974 
826 2298 
3166 3582 
4999 1608 
4148 2748 
573 5204 
4582 4339 
4700 1218 
829 2966 
3313 301 
3326 3909 
3093 1295 
4580 3682 
2267 3546 
5328 452 
3574 3134 
2280 4930 
755 590 
3078 1789 
3175 4688 
3247 1054 
502 2669 
593 2239 
2442 3394 
711 4623 
3562 3683 
1028 5075 
796 74 
1007 914 
2771 2787 
5647 3761 
2509 2877 
4457 798 
2140 4568 
1120 2179 
3055 4864 
1882 1347 
332 578 
4916 5605 
2720 219 
4843 190 
3340 398 
3905 5658 
4902 4480 
5143 4337 
3528 1174 
607 2429 
3242 740 
3155 4676 
2654 852 
4419 1007 
2733 3564 
5365 1927 
2007 3794 
1087 4922 
565 2530 
1622 1436 
1428 68 
1979 1007 
4757 5101 
696 1499 
24 1349 
4807 2620 
1422 2130 
371 3122 
2675 2807 
1872 1727 
4613 3876 
1074 5081 
1928 1107 
3061 944 
2317 1871 
1839 4264 
324 3348 
3537 1275 
918 175 
4339 2250 
4504 4126 
178 606 
4267 1808 
1516 3722 
745 4025 
2993 4036 
5611 1119 
2944 4202 
3253 1392 
2661 650 
1744 2152 
799 5399 
210 4859 
2083 5064 
72 3307 
1200 2953 
4043 2009 
1848 3421 
3433 5376 
926 1401 
1696 26 
5464 1838 
3086 4402 
716 1598 
2704 2222 
1224 3059 
2043 2781 
378 5682 
3339 1337 
4962 1435 
1654 350 
307 309 
53 4120 
2918 956 
657 4168 
2502 83 
4511 3764 
4244 2862 
795 4974 
1436 987 
945 1868 
1 2434 
1316 2116 
5156 3087 
1196 5604 
2401 1261 
4815 2611 
3547 1075 
28 1626 
1374 5220 
4445 4641 
3827 2595 
4382 4391 
1371 2944 
2291 3253 
4352 718 
2847 123 
1816 3634 
4459 4202 
4759 646 
4725 929 
4805 2920 
5347 1038 
672 1343 
1079 115 
4970 1522 
4016 3787 
1600 125 
3782 620 
4234 5036 
882 1464 
2804 3423 
288 5184 
4420 5560 
602 4450 
5085 330 
1463 2171 
3251 4143 
1686 1150 
1658 3088 
1878 2616 
897 3427 
1489 5412 
1076 2440 
3576 1721 
4991 1071 
2112 889 
311 3613 
4830 5206 
3033 2003 
4459 1242 
4273 2928 
5675 2504 
2742 5575 
1792 854 
1718 852 
3502 5342 
3065 651 
1954 3021 
1416 3406 
3250 5103 
578 5443 
3944 4713 
4482 1120 
1890 2111 
1372 1158 
92 873 
3880 2007 
2288 1977 
5271 5514 
3362 4845 
4609 48 
1424 4534 
3006 1914 
1 697 
3359 3181 
679 3513 
4637 2859 
1208 929 
2800 468 
3269 2256 
1504 3683 
3518 5673 
2631 314 
4319 2899 
2695 571 
3115 1547 
5720 4390 
2751 5667 
4996 983 
3069 222 
4184 2922 
4636 460 
2225 3118 
3386 2054 
4524 5394 
3154 5534 
4904 3910 
3358 698 
1709 4738 
1592 2486 
4834 621 
2017 2172 
2814 5620 
1456 1155 
5634 3953 
4014 5662 
3421 3120 
3761 103 
1646 2738 
4551 5207 
44 4673 
5176 420 
3716 4213 
3521 3429 
5662 1632 
829 1998 
1977 4928 
3257 3165 
3820 1266 
5725 3624 
5143 4508 
2428 3991 
647 216 
5632 4665 
4498 4210 
1116 2370 
1277 3752 
1293 3345 
2433 1210 
5046 923 
3072 4428 
5681 85 
5645 2979 
804 1462 
2261 398 
1222 5464 
86 2454 
2403 2207 
1420 1270 
2160 2376 
3422 1777 
4399 4108 
3724 661 
5435 3281 
248 5034 
4065 2379 
4669 1681 
1147 951 
5382 1756 
4662 3335 
2918 1440 
3735 267 
5665 4500 
3353 3832 
4108 2113 
3861 5552 
5573 5220 
909 5666 
405 1865 
2464 4513 
4720 187 
4876 4653 
2283 4025 
102 5712 
296 940 
5471 30 
5637 2064 
95 2178 
4627 5710 
2717 788 
1243 110 
1660 5608 
5368 1342 
1584 3303 
2486 2255 
2504 1830 
279 3993 
1048 2611 
1570 1921 
2844 3547 
304 1806 
5199 4539 
2876 2944 
785 5242 
2660 187 
699 2816 
1268 4892 
2622 1991 
3879 3950 
1441 4464 
2962 1422 
3544 4348 
1476 2239 
4247 5416 
4638 2973 
817 4299 
2677 4054 
5427 3858 
1532 4628 
3999 3206 
1730 5412 
1957 2645 
2414 3988 
2991 4448 
2819 2201 
4106 966 
2587 3903 
5254 4013 
954 3074 
3083 4031 
2501 1983 
1986 1104 
1168 5075 
2110 1206 
1242 1266 
4878 3457 
4306 4099 
2361 4287 
4772 1932 
2981 2467 
5083 2283 
4133 25 
2956 569 
4518 3419 
2487 2822 
4077 1812 
2945 4314 
3145 788 
4887 1541 
1169 4885 
3284 3209 
3918 5458 
4053 2882 
3981 2777 
526 1461 
4079 1455 
1096 1413 
974 1543 
2151 5490 
4559 1494 
5638 2636 
2987 522 
3502 1730 
702 4840 
5438 1949 
514 5204 
1965 2955 
4280 4197 
2673 5006 
3213 5477 
4575 3038 
437 4152 
4357 3455 
563 3829 
3979 5250 
2144 5573 
1613 3727 
1760 1906 
1702 3818 
4988 1548 
2594 2852 
2055 1568 
3654 2648 
1462 3466 
285 3679 
3798 1959 
2439 1545 
1434 5333 
4823 2528 
2708 3082 
4362 1745 
3975 4592 
1152 3001 
1019 2952 
3502 490 
3941 610 
1475 919 
1211 5206 
1623 3732 
3136 258 
863 4332 
3769 5580 
3489 51 
3174 4018 
382 4903 
5623 1629 
4976 4815 
3946 4666 
3946 3688 
2718 2175 
3884 617 
3692 3025 
1316 2984 
4325 1880 
3966 2005 
4926 2801 
1768 3746 
1437 148 
3566 3377 
1628 5064 
3298 5501 
1758 2958 
700 3525 
5145 1312 
3471 2996 
3064 4941 
681 1891 
3450 3961 
5474 3421 
4181 5147 
3984 4451 
4816 3533 
4883 3434 
1776 3194 
4517 5521 
5215 4792 
3257 478 
674 497 
5114 4485 
1091 5430 
4728 5480 
4642 4244 
531 1019 
1057 1990 
347 3307 
5660 4089 
2574 4741 
871 4722 
2823 1991 
325 5165 
1410 4189 
5389 4492 
3497 3703 
791 460 
5685 340 
2423 4182 
3085 3320 
4620 1057 
869 1977 
5000 5510 
706 1002 
1065 2934 
3763 4296 
2211 2419 
4812 2368 
3147 5555 
428 1744 
4874 4759 
106 1640 
3467 5079 
4151 298 
2972 2663 
642 2411 
2985 3391 
5115 2611 
4578 1884 
2235 101 
2556 4701 
2079 1843 
1603 3021 
2691 1106 
2201 2878 
3124 2294 
4695 4658 
1800 906 
1880 3017 
4028 762 
5329 2220 
208 63 
994 5721 
1675 2227 
489 2969 
2288 3089 
3711 1826 
3742 5596 
919 1447 
4636 3600 
3616 779 
2694 1099 
1313 1870 
3326 588 
3781 3998 
2847 2360 
3643 2592 
3902 3698 
4186 2991 
1569 460 
5577 5600 
2611 3742 
732 2731 
5316 2180 
1659 3233 
1328 862 
1201 3425 
5485 4057 
2206 5338 
5043 1850 
1161 4658 
5727 38 
1009 1639 
2774 4347 
1972 1291 
4749 318 
3162 4052 
954 3665 
1960 2528 
853 1866 
516 1679 
1031 5306 
1099 5336 
438 1272 
4628 1360 
1288 3177 
3562 5521 
4816 1121 
2647 4308 
815 320 
2766 1190 
3166 1952 
2038 3582 
2453 3269 
4700 1354 
3630 4152 
2843 5249 
440 2850 
3125 4440 
2345 5100 
5394 5423 
2748 5722 
1719 4616 
2650 2483 
1010 4948 
1953 2700 
533 407 
1764 471 
3068 19 
831 3638 
1017 4519 
2617 589 
5465 3676 
1291 1168 
3076 3990 
379 5618 
5394 3020 
1838 154 
3007 3450 
5196 4638 
1107 60 
4243 3877 
2017 2092 
1628 1044 
2775 4271 
3041 4610 
1931 2888 
2214 892 
4990 1169 
1386 919 
2286 5669 
2038 884 
2836 2619 
1887 2622 
4234 5181 
2024 422 
2747 5393 
3280 16 
2110 4029 
2493 1088 
5489 1927 
7 1781 
122 1160 
5364 4366 
3780 5008 
1078 5286 
4867 2750 
3369 2740 
4922 2723 
1882 739 
3330 885 
3173 4753 
3928 2915 
3558 1535 
1067 4555 
5123 748 
3174 1206 
2181 5413 
3798 3886 
5075 2932 
4410 1515 
2151 2720 
3588 3032 
305 1440 
4826 4448 
4236 2405 
4286 11 
5502 2930 
3728 2646 
5199 4717 
2218 1010 
2868 4902 
4672 5264 
155 149 
3451 3444 
2046 2957 
580 3954 
5677 3172 
67 318 
2669 4622 
5387 813 
1967 4033 
791 1873 
3540 1265 
2826 1489 
4727 71 
3283 1015 
2631 4394 
4511 3744 
2040 1023 
97 3750 
4242 4959 
2481 4628 
1533 4476 
695 1229 
3845 5344 
3508 4427 
4196 3438 
3456 4914 
2984 1595 
1463 722 
1769 5454 
3163 2190 
3017 5442 
3419 973 
2226 617 
5258 5458 
4251 1665 
908 3165 
3843 5225 
3766 5611 
2429 2720 
4838 5691 
966 1470 
1457 3849 
1391 1753 
4664 4215 
646 2189 
4214 3832 
681 825 
5077 5260 
4814 840 
2882 1948 
2918 3342 
1510 4853 
4136 3260 
2233 2040 
4149 230 
5715 3507 
4842 4871 
1297 5355 
3864 4364 
1701 575 
3567 5215 
4251 533 
2903 2677 
4159 4905 
469 4104 
5071 1098 
730 80 
5394 5652 
3132 4013 
1206 4357 
4499 4943 
2404 1309 
1570 4818 
461 2805 
2475 3577 
1182 1832 
4796 4939 
3348 1970 
1087 4778 
3727 5278 
726 115 
3861 705 
260 5367 
3066 4061 
489 5102 
2803 2708 
1547 4677 
3139 1886 
5048 305 
2745 2442 
1956 4956 
128 1599 
2596 1324 
1886 1096 
1005 5377 
4934 4151 
4430 1941 
1506 1552 
4835 454 
371 2702 
1245 551 
3089 1552 
3410 5591 
902 5631 
2759 2603 
3635 1329 
4350 4657 
1778 4234 
1012 2437 
749 193 
810 1276 
424 3593 
2815 4861 
3866 4708 
4163 3679 
5456 4566 
4898 2858 
757 2975 
5260 445 
2075 769 
1941 2228 
171 2494 
1956 1121 
3301 336 
4913 2977 
846 3147 
791 4607 
1256 4470 
1951 2392 
1315 1407 
935 296 
2655 1021 
5593 4201 
3656 4869 
4326 4492 
2206 3547 
291 2176 
3025 3491 
1896 4202 
3658 5399 
4251 368 
2234 2303 
1292 5418 
3420 446 
5389 3618 
4615 3454 
311 2200 
5646 3020 
4824 2529 
2156 3459 
4860 2773 
3917 734 
26 1721 
4773 266 
2791 2244 
882 1559 
2390 455 
4095 5646 
600 4688 
1992 4449 
3185 4479 
4770 1703 
3609 3013 
2195 2563 
1348 2202 
1639 2655 
74 4512 
1175 833 
2082 2121 
503 74 
3062 4368 
4806 868 
1822 54 
711 3469 
997 1385 
1601 847 
804 356 
2491 5066 
4390 5344 
3750 4928 
1643 2698 
5208 2188 
1851 3495 
4640 5535 
2167 586 
2025 4161 
4846 5143 
1977 1667 
5336 3799 
2240 5234 
683 2880 
3752 4582 
1715 2826 
2209 2854 
175 1182 
3375 727 
3016 903 
1576 2772 
355 1877 
29 2192 
4915 4035 
5614 2681 
4876 1176 
4956 827 
3651 672 
4650 5064 
5183 4491 
5726 103 
5468 3034 
1662 2979 
3860 1822 
1348 3358 
1568 2259 
5130 96 
5358 2002 
2107 5656 
2875 1587 
2880 3329 
5680 614 
2897 1756 
4407 3404 
2360 157 
1521 3611 
4580 5522 
264 5455 
3189 5257 
5064 3436 
1668 1666 
862 4676 
912 1423 
4475 3318 
3569 1588 
3930 5683 
2022 1387 
4143 4057 
3355 923 
3326 4758 
3675 4743 
1388 4520 
3858 5443 
2921 1105 
5519 2088 
458 3009 
1572 1285 
2516 395 
2073 4774 
581 3903 
3929 4049 
860 2156 
243 4700 
1062 2815 
3972 501 
3023 5507 
2041 5474 
1964 514 
3649 94 
3794 4638 
4563 5088 
3795 1278 
1208 4670 
5532 4399 
2976 4245 
1031 4162 
3055 3825 
361 5 
1190 2926 
2822 4777 
3253 1567 
1625 3053 
4983 3285 
442 2466 
1947 3653 
4802 3465 
1342 1586 
5104 142 
5163 808 
510 1223 
3005 39 
1609 934 
221 2203 
5511 3036 
2317 5485 
2810 4677 
4834 2824 
565 5069 
2512 459 
2396 1081 
875 2870 
2505 1631 
5177 1109 
1228 4377 
2611 553 
2587 5274 
1336 3591 
3171 2941 
5383 5468 
1657 2222 
5054 4907 
1026 3279 
681 499 
639 2648 
4202 1002 
383 3484 
912 4832 
5226 3480 
2541 3638 
3152 3631 
2563 438 
4770 2755 
5201 1713 
54 5478 
845 3519 
4886 786 
219 1146 
2054 5489 
557 2789 
1341 2513 
3167 4182 
718 5464 
3840 1183 
5632 1078 
1948 1720 
5541 1390 
2416 764 
113 4763 
5256 4328 
3282 3240 
5393 2394 
1801 4241 
1685 120 
4004 5014 
2164 1068 
4121 610 
3113 5462 
5348 36 
552 3999 
5669 4720 
1603 489 
5208 1748 
1716 2109 
3513 165 
4735 1231 
1696 5684 
1617 900 
2333 1370 
307 930 
2844 5486 
847 633 
5233 4963 
682 2314 
3931 938 
3938 1494 
171 2232 
828 2270 
4813 2807 
2726 5425 
3869 4934 
2192 2744 
3035 4642 
2266 1270 
3492 4350 
3861 2977 
1439 2926 
4609 5477 
2941 2403 
1267 1394 
2227 4687 
357 1057 
5140 5091 
496 4874 
2820 5501 
3289 4156 
155 3052 
4291 5414 
1367 3733 
2109 3912 
5548 1415 
4185 2365 
5549 4778 
88 1034 
828 3446 
1238 515 
1253 3653 
4002 3521 
3828 220 
2602 2841 
1030 3349 
1968 1429 
635 1133 
320 4388 
1643 79 
4117 40 
3149 3354 
461 4397 
334 1164 
3328 1071 
1561 4900 
2053 2346 
5013 3355 
2824 1368 
3260 3908 
2362 1704 
291 4261 
4511 4569 
3251 1296 
4659 3997 
2849 1187 
4433 2208 
5084 4897 
2414 4191 
1724 3964 
1647 3273 
4989 1336 
948 979 
264 4506 
3625 4973 
4424 5125 
1941 223 
2892 2996 
476 2468 
758 2369 
1061 2643 
2831 3212 
5621 2100 
2436 4768 
2846 4127 
3582 1932 
359 4794 
1919 427 
1884 4630 
1591 3274 
4022 4296 
1292 1797 
4226 662 
3679 635 
3925 4886 
1140 5106 
4785 1252 
2208 3827 
285 70 
1038 2502 
5376 2472 
3131 2918 
2286 5726 
3252 3411 
4954 4579 
3846 495 
4657 5247 
5257 3215 
3646 1422 
1332 2132 
129 2795 
3206 2976 
4508 1156 
1955 503 
276 5485 
5095 829 
2012 4420 
305 773 
5496 617 
945 2838 
2564 2141 
1649 5561 
3462 4071 
5593 948 
1589 158 
1609 2182 
1558 2319 
2410 1970 
2340 2068 
4132 4951 
904 1499 
3189 763 
2763 1037 
5480 2286 
3747 3330 
2739 2159 
4890 1945 
109 2580 
3802 1407 
4759 3320 
3393 1668 
5557 3434 
3820 2584 
1393 2508 
2824 3918 
544 1324 
3311 2720 
5265 640 
3105 1459 
4521 4929 
4791 2180 
2736 5535 
2159 3030 
424 212 
5296 4136 
4374 3421 
5638 1010 
5110 2865 
3727 1083 
5581 604 
1957 3691 
993 1285 
4423 4691 
4933 5049 
3534 2144 
651 1118 
2079 2388 
3616 4935 
4496 5095 
4788 3331 
2367 1326 
5065 3653 
3027 1705 
5551 895 
3661 3305 
2006 3604 
1399 2766 
1034 906 
1454 1891 
4466 2298 
4022 5695 
242 3071 
4002 356 
2903 1558 
3938 4626 
1309 5666 
5640 3199 
4430 799 
5033 123 
2714 4633 
5045 1292 
4512 2647 
4410 2124 
628 3911 
1595 3070 
4908 382 
2717 2093 
1202 2023 
4905 4475 
3149 3821 
3912 3706 
4668 5030 
4655 1232 
1471 4246 
434 1977 
97 3880 
1878 4061 
4581 1385 
2845 914 
3876 3960 
146 428 
153 1663 
4983 5432 
3734 2420 
4749 5142 
2938 4233 
4179 2963 
4892 5125 
918 2763 
4881 5410 
1500 2508 
1956 1383 
3741 1946 
3034 216 
499 1474 
4726 3259 
1912 3385 
2973 3501 
5480 207 
2653 1548 
3624 3154 
4960 136 
1846 3725 
1761 3962 
3371 710 
622 4276 
4171 2483 
886 5562 
2046 3535 
1951 5655 
1640 855 
471 2607 
3520 3684 
3822 5456 
5166 4832 
4006 3137 
5187 5492 
3936 2125 
1026 3259 
2541 1035 
1858 3376 
5308 3897 
5065 4083 
4895 1559 
1733 1371 
2732 1343 
1240 4583 
1313 632 
1184 2593 
5366 3619 
3792 2363 
5319 327 
3681 541 
4764 2027 
618 3423 
2422 2115 
298 5721 
3054 350 
1296 4492 
5687 3768 
5312 2331 
159 5724 
2070 424 
4743 2218 
5002 3152 
686 5526 
3064 1421 
222 2958 
3144 2678 
1073 1665 
4110 5663 
547 4615 
4661 5346 
4404 4295 
637 583 
4899 704 
3861 1389 
1704 1367 
738 684 
4912 1230 
1474 5407 
4267 2391 
1604 3325 
4492 4988 
130 6 
865 4658 
5484 3858 
3335 4360 
1123 2901 
3426 76 
3626 4531 
3474 946 
3924 4921 
3694 4762 
3321 4622 
3031 1425 
4138 1971 
456 757 
4976 2695 
3912 2777 
3742 2118 
3352 4646 
432 696 
845 2629 
3853 1403 
1987 3891 
5630 5645 
162 3140 
2093 5616 
203 2551 
512 5342 
511 1659 
4425 5019 
426 4796 
3419 2618 
4696 1094 
2569 2183 
318 5138 
67 4743 
3335 4130 
4992 3945 
2780 316 
2527 5328 
5474 4762 
3053 4756 
1929 1977 
963 2233 
2800 4037 
434 2540 
2676 2581 
1007 4115 
4331 690 
3431 3821 
2526 1153 
818 1635 
2037 4150 
3891 5178 
3425 2453 
3737 2721 
1518 4870 
4459 4964 
356 765 
1704 4027 
3179 3374 
445 1156 
5597 5336 
2387 188 
3290 131 
2217 4123 
3218 3269 
3432 2356 
1161 2521 
4411 5634 
1396 2301 
1504 4050 
3292 1481 
2158 664 
1975 2485 
4993 3115 
3532 4849 
3844 3752 
4338 675 
4014 4718 
357 1507 
2251 1264 
159 5538 
4427 4854 
352 5381 
4044 2988 
4255 1345 
538 4890 
1240 2092 
83 4440 
2316 805 
645 5616 
4831 975 
1164 1297 
2774 3392 
4569 3380 
3539 5152 
266 3875 
3114 4589 
1236 4210 
3352 1451 
2229 4006 
2908 3924 
4570 2560 
741 322 
5714 5254 
3065 5428 
1642 1242 
1122 3001 
4625 3077 
4613 803 
3764 4732 
3641 3084 
5327 1212 
2026 2968 
2436 1433 
4906 4518 
57 1967 
126 3929 
2646 5173 
1078 1440 
3910 3993 
3369 1098 
2543 823 
2882 2028 
20 2717 
3835 4093 
3945 2290 
2918 3713 
4178 2484 
2472 1432 
1581 1029 
3214 2592 
3040 704 
500 2708 
3142 5132 
1694 207 
773 2030 
602 2394 
3475 3269 
886 2908 
1508 14 
3177 2870 
5547 4311 
4534 4940 
4573 926 
3570 503 
4254 640 
5695 1584 
865 2607 
4351 47 
4781 5388 
4412 2062 
813 769 
1136 4474 
2689 4971 
4556 5411 
37 1463 
3996 3403 
393 2014 
1862 4654 
4011 5641 
955 918 
4997 1358 
2322 711 
3887 4853 
964 5488 
2710 276 
388 2127 
2429 927 
4501 5689 
3675 3742 
1393 4298 
373 2094 
3249 2472 
1331 1813 
282 4451 
1207 1663 
2422 3530 
40 296 
5256 2110 
5379 4947 
1487 5122 
339 3683 
3653 2428 
136 3604 
4845 4525 
5300 1936 
5156 3792 
2741 2414 
1016 3527 
906 683 
3525 5626 
235 3513 
203 1787 
437 1416 
3683 3944 
5067 3297 
3283 1730 
147 5353 
2585 2630 
4811 4482 
2596 2422 
638 5138 
753 940 
842 5152 
5449 2971 
1405 3897 
2371 3335 
1904 1108 
1635 5211 
4928 3893 
1391 4682 
986 4048 
2124 2246 
2320 1685 
4543 3844 
1176 2172 
2109 489 
3081 1845 
3282 4039 
689 1621 
700 4182 
1666 426 
2740 412 
2192 2340 
1210 3421 
791 3768 
5617 1074 
2128 3195 
5176 2381 
5425 81 
1014 2041 
3214 2250 
4991 744 
1995 3778 
1680 3043 
4720 502 
2545 652 
4079 579 
5327 5138 
4093 1097 
3091 1081 
3464 5727 
5005 3511 
3595 2087 
1577 2293 
1418 1221 
1981 5129 
3798 1034 
2380 4603 
2298 2569 
4101 4355 
3271 3829 
1579 90 
3666 3587 
3267 1587 
2924 4436 
4736 4657 
4389 4804 
4537 416 
2969 4535 
1701 5188 
5677 3740 
1421 2507 
5296 4867 
1267 4488 
3713 207 
1757 1231 
4804 5328 
3405 3484 
541 1485 
4860 2280 
3244 4795 
3987 815 
2817 1099 
173 1748 
1300 4405 
1051 1636 
2808 1790 
1007 376 
4433 39 
4824 5549 
1872 3088 
3891 138 
3832 2600 
3276 3718 
5424 2167 
2635 821 
3087 3556 
2139 5301 
2931 1431 
4200 3801 
4298 1513 
2370 2540 
686 2936 
4680 145 
437 731 
1865 1052 
1840 5627 
2275 832 
31 4038 
2024 4403 
2056 4916 
813 3323 
5379 706 
3664 745 
2164 4626 
4682 2025 
3581 2296 
4114 5494 
4045 3887 
1957 614 
2940 5176 
4968 2197 
5556 543 
3993 1702 
5600 5460 
1795 1127 
5057 4098 
4263 2244 
5648 4823 
3707 4043 
4786 4007 
4837 2740 
2722 1579 
1454 5608 
2921 5340 
5502 1081 
1174 5637 
3172 2813 
3859 1027 
3916 86 
3500 4358 
5488 2824 
1204 5662 
1386 1325 
997 2553 
1359 165 
635 1387 
4380 4694 
768 634 
2016 3779 
3786 3169 
4666 5002 
1470 2007 
2705 3106 
1913 368 
4295 4295 
5682 5434 
5556 4720 
3058 355 
3259 175 
1201 2498 
2468 5081 
971 2945 
1046 660 
3940 3633 
3940 4536 
4000 4500 
1671 5383 
4589 1379 
2106 1994 
207 3650 
742 2500 
4862 5261 
2830 3033 
1906 251 
4551 284 
3956 3687 
115 986 
1643 1411 
3271 5400 
3964 595 
3537 4772 
5699 2736 
5161 1753 
2034 2360 
4742 4339 
5487 3188 
484 1586 
4125 1513 
212 5263 
1595 1490 
5424 1298 
2881 4920 
2878 4473 
5559 5277 
2770 3167 
4667 3749 
3808 2767 
2951 2820 
4777 2467 
1779 2339 
1843 598 
3516 4835 
5126 312 
1949 158 
5219 5603 
4993 575 
2210 5637 
2440 3948 
3732 537 
2959 2765 
657 4022 
4504 5150 
2296 3212 
1123 4888 
1038 3349 
2444 5287 
2403 2264 
1411 523 
3864 4843 
1509 2768 
449 3083 
788 3233 
576 5655 
5130 39 
759 5563 
936 3702 
1278 4967 
3062 1975 
1177 5641 
5324 1557 
316 171 
2288 2289 
1615 4464 
540 1637 
5199 5569 
3522 1597 
3606 2117 
1360 1450 
3114 5384 
2760 2321 
5726 3562 
3195 3538 
5019 2136 
4889 4226 
1942 1483 
4335 3004 
3229 510 
5531 912 
2657 3473 
4502 4155 
579 750 
1253 4357 
3155 319 
5143 3998 
4605 1999 
4528 1115 
3377 5278 
1361 3541 
1399 4295 
5222 1049 
1303 4179 
4242 4932 
2264 4727 
5191 973 
3107 1501 
1103 5694 
2543 4537 
2624 3333 
4189 4592 
2362 3929 
4986 193 
1392 2079 
1970 4397 
5602 1808 
4970 4893 
5095 4665 
5220 4062 
4295 256 
2230 4737 
1658 2614 
5043 725 
1504 4324 
1131 377 
4873 3044 
903 2204 
4475 5240 
2401 5048 
5606 5052 
