6149 7803 
1919 4267 
759 4403 
2681 431 
3974 4726 
2917 5004 
3675 6074 
4798 1215 
5397 598 
186 1423 
132 3201 
4896 4428 
4849 1092 
5490 712 
1510 949 
3274 2696 
4880 4820 
5595 4116 
3014 865 
4349 2203 
6062 3179 
24 3341 
5686 5450 
3761 1034 
1397 3064 
2950 1331 
6032 3617 
5111 1268 
2348 2052 
2812 1237 
1239 5608 
674 677 
1271 5399 
2124 2871 
2330 2436 
3338 272 
4592 5820 
2101 489 
5443 3908 
3271 1120 
459 1336 
3196 2867 
4682 1055 
3641 2132 
3976 2349 
521 1358 
2514 6066 
2282 1547 
2044 1607 
5050 2615 
2283 4914 
4343 4775 
4756 4626 
4429 4985 
294 4932 
5323 1600 
5294 6101 
2544 4704 
2378 5812 
1492 954 
164 3962 
4375 1546 
2389 3388 
3620 4971 
2541 4389 
2705 5106 
3770 2119 
2267 4961 
3325 2599 
887 4060 
1335 2533 
1045 4770 
2133 3265 
4357 2739 
3740 1429 
4402 461 
1379 3419 
5465 2272 
2189 1527 
473 2336 
2759 4695 
5308 4046 
3349 2806 
109 4175 
5916 5611 
6116 253 
3538 3851 
3966 5697 
865 1546 
453 1292 
2728 4901 
1331 1846 
2321 5229 
1203 5783 
2512 2696 
2609 1863 
79 2394 
1948 1692 
2352 4350 
5420 3852 
4264 436 
709 3368 
41 5640 
3880 781 
2690 5775 
320 117 
2499 5485 
4239 4673 
690 5503 
5649 1781 
4449 181 
4753 2303 
5104 2760 
48 2914 
5956 745 
3866 2584 
1317 2920 
3720 4630 
918 605 
2374 5833 
3666 2123 
1580 1107 
1450 2717 
5563 2186 
5450 5442 
3697 1392 
3253 758 
4116 2064 
897 5649 
6141 415 
1732 2761 
1974 3353 
3255 1216 
3349 2043 
3716 5124 
6103 5346 
1737 3144 
380 4433 
3753 1709 
3844 4247 
1251 5240 
5397 5320 
5235 4787 
1503 1999 
4274 5785 
5355 3474 
3629 4489 
3829 236 
3923 3027 
4913 3614 
2375 1964 
4535 1455 
1070 4646 
1448 170 
2509 5075 
4080 2649 
989 3195 
6085 4631 
4883 1797 
2046 206 
2733 323 
1487 5898 
3514 5533 
1608 1926 
1166 5157 
5196 5708 
5528 4339 
5296 2750 
3472 1413 
5750 3273 
1883 1456 
360 90 
528 2019 
4860 3287 
624 4490 
5088 3628 
5918 5140 
782 2319 
3443 2408 
5571 5372 
4463 1169 
5978 2288 
2195 4415 
5565 4172 
315 5528 
2311 394 
3010 5593 
1263 2643 
4449 4064 
2202 359 
728 90 
2826 2067 
2794 5593 
1806 4030 
3723 2385 
1444 3581 
4572 2456 
3285 4639 
5606 726 
3733 3633 
3854 2409 
2136 5892 
864 3692 
5110 6022 
5563 5703 
2746 6090 
1816 4288 
2928 5972 
1408 4150 
931 2340 
913 3007 
1664 2599 
3845 4890 
4752 2260 
1506 5683 
5952 5145 
4021 4674 
4623 990 
383 3451 
4954 744 
521 614 
326 4207 
36 1645 
3610 5429 
3389 4060 
4369 5311 
6019 2567 
861 1466 
4710 1974 
3625 1953 
4989 2989 
1143 6057 
1315 4883 
2611 3310 
1123 1045 
1226 4186 
5973 608 
5391 4241 
5145 1308 
5218 2538 
5735 3177 
1910 5835 
690 4008 
3098 2426 
2187 2486 
2201 3233 
4057 734 
564 5630 
2145 4543 
3284 5720 
1103 4130 
2887 3847 
1390 904 
5051 410 
2869 5522 
2439 822 
4221 3483 
5268 4034 
713 2578 
968 3070 
4163 505 
1746 2274 
5633 1904 
3310 5485 
1035 5405 
5435 1492 
5713 819 
2648 4745 
543 3033 
3378 4019 
467 4319 
5841 5229 
4273 3569 
1332 6012 
6 3619 
2869 2851 
137 6095 
1794 5850 
1873 392 
1482 454 
4165 1574 
1179 3387 
744 4824 
1650 4839 
3387 3575 
1541 3386 
3132 922 
274 120 
2556 5453 
4551 1116 
4507 4607 
989 5902 
5767 3410 
5185 467 
2206 3864 
5631 592 
744 5190 
3755 2654 
4041 3031 
3966 4721 
1640 3509 
640 4976 
5905 5963 
2959 1718 
3878 2096 
2331 108 
5736 196 
3426 289 
4165 2790 
5870 4367 
1304 565 
4453 2156 
2365 5840 
5513 2185 
242 6055 
771 3223 
620 44 
957 2004 
2843 4337 
5206 5354 
1404 57 
3651 5925 
2064 363 
5114 4404 
3103 3956 
4498 432 
5556 3176 
4659 3748 
4499 3149 
1854 4231 
721 5866 
2247 2709 
1382 1546 
856 760 
2078 4391 
3681 2313 
2080 2916 
5673 3134 
5493 267 
1162 3907 
5178 3116 
115 72 
198 510 
3965 3579 
3782 2766 
3569 991 
411 5516 
1083 3734 
1390 4447 
2310 34 
3783 2093 
5474 6030 
4796 2997 
4636 5505 
790 2782 
6113 2396 
3924 2641 
3844 4164 
3504 2425 
3183 4998 
4424 1812 
2284 3029 
835 5014 
2169 2461 
2472 2718 
4184 660 
5258 671 
1804 2114 
2814 5735 
1879 2824 
1448 3344 
1598 5145 
2939 6038 
2769 184 
1825 3295 
4322 2240 
5458 5947 
608 3360 
585 1237 
722 5733 
5713 4431 
4751 4585 
3431 1065 
3327 1637 
2049 1860 
2929 6120 
5548 3677 
477 5401 
2258 707 
2086 599 
858 1884 
232 4975 
3937 5447 
265 1327 
5717 2565 
2784 2097 
5706 2332 
991 140 
2429 5699 
4297 2827 
2903 25 
2945 313 
924 2923 
1758 5164 
1174 5920 
3929 5224 
1162 6074 
4965 4219 
2370 3368 
5009 3418 
1181 5883 
3225 5771 
2680 592 
1083 5536 
2784 4233 
376 2546 
877 5706 
4835 5516 
5261 2824 
4804 5394 
2280 3088 
1219 1272 
4866 2844 
4733 2768 
3147 3815 
1003 1253 
2699 2841 
659 2351 
1455 64 
4298 997 
806 880 
3241 1908 
5759 1698 
2302 2716 
3278 4290 
3279 2458 
973 159 
2355 2351 
1031 2749 
3676 2582 
3560 5304 
3826 3220 
2717 3500 
5166 1471 
389 2017 
1186 4963 
1146 5120 
2318 4319 
3386 4979 
2739 1380 
1365 1608 
1939 3869 
5611 2761 
4202 4691 
1653 5780 
5695 5965 
2227 1342 
4908 2324 
4559 2349 
1194 5946 
4584 4420 
3545 147 
4878 313 
5138 5351 
5352 2682 
4882 3781 
3357 1072 
3147 5560 
379 2797 
426 3031 
3324 353 
5873 1207 
5615 2748 
1544 4994 
2355 1684 
3570 4751 
5689 2703 
4660 95 
497 2777 
4029 4152 
5630 3781 
6125 1557 
5729 5025 
2074 5738 
4539 4928 
2932 1212 
3845 3018 
3470 1577 
102 2811 
5784 5274 
1857 3775 
4267 5532 
1960 848 
1957 663 
1660 4376 
1909 4270 
3101 257 
4459 1593 
1587 713 
2177 1699 
2560 441 
3009 4959 
333 5104 
4878 1424 
3164 3286 
280 5277 
5287 4761 
1327 229 
1430 4248 
5316 2424 
420 724 
428 4433 
3080 5111 
4056 3112 
3478 3966 
2161 1713 
3563 5687 
4334 834 
351 5323 
5599 5663 
590 3193 
1741 4266 
4043 261 
5860 288 
1430 3011 
406 2359 
4631 264 
5369 4310 
3881 4903 
2513 6108 
1293 1168 
5723 123 
1928 469 
3377 2958 
2820 5902 
5882 3211 
6084 797 
3989 653 
5644 5871 
3187 5431 
2355 5242 
3348 161 
4831 3200 
5385 5623 
5370 2374 
2909 4973 
4611 1334 
809 1480 
4564 5806 
4978 3090 
314 5630 
3007 5700 
606 4483 
4537 2777 
5436 1403 
4966 4089 
5439 1972 
3241 1175 
5619 5644 
3533 2497 
1537 1490 
2763 4993 
3053 2581 
5726 3311 
1249 2904 
4318 1804 
274 3470 
5968 4188 
2148 4692 
5172 4399 
6145 1282 
5675 607 
2487 1641 
3892 3383 
5594 5891 
3254 1750 
5996 3589 
4273 3214 
1386 5240 
1872 4640 
609 2692 
488 5269 
246 3369 
5480 3922 
3110 1138 
4108 2403 
1280 2624 
3691 2657 
1977 6069 
2323 3576 
2053 923 
1703 5928 
1421 3157 
1924 1721 
1169 5943 
2806 5720 
6023 1076 
1103 838 
91 1989 
783 3534 
1556 335 
661 4283 
5757 408 
786 5285 
5537 4085 
3802 3423 
289 5658 
4951 3989 
3408 4471 
2152 1532 
4458 2133 
4666 556 
837 2558 
4673 897 
2576 1669 
2536 2 
4792 5089 
4720 5658 
943 3331 
4172 5793 
4932 1770 
2849 1339 
2648 3979 
1305 3897 
675 5056 
880 5430 
2130 1893 
876 278 
2924 3729 
3373 345 
4341 2514 
1053 420 
5532 2179 
5257 3000 
2301 2400 
3096 6138 
2252 1857 
3831 3088 
3043 2836 
5532 817 
4529 641 
882 3711 
1065 3793 
5990 3756 
1318 5837 
5988 1359 
131 538 
2068 6061 
2148 530 
2536 458 
2485 4409 
3317 4305 
4792 6114 
452 2640 
4575 5522 
5394 4532 
1378 5895 
2613 5915 
5042 5558 
3140 439 
3724 3519 
4184 2911 
5512 2262 
3696 1149 
4922 1792 
2930 682 
1072 6141 
1159 3729 
1486 2178 
545 5142 
5519 4161 
4308 2586 
1670 5977 
209 5554 
13 5157 
1491 4191 
2892 5827 
82 2562 
2381 4005 
2549 42 
1956 4364 
5481 4725 
5949 634 
1480 895 
560 1680 
3358 1650 
5204 5207 
2648 887 
4368 5737 
3438 5445 
1270 3636 
424 337 
1518 3971 
1581 3931 
3174 3039 
1184 5790 
3183 5590 
4652 5873 
2569 6120 
136 6114 
4717 2787 
3586 5261 
46 6095 
1089 1234 
4703 1307 
3139 5483 
4788 2402 
2964 5416 
5736 544 
3690 89 
3940 5559 
4780 306 
1890 798 
5789 6023 
1472 4762 
27 3851 
110 659 
2442 2787 
2745 4116 
4322 3847 
1252 3025 
3679 4431 
5080 5630 
3271 2186 
68 3129 
4485 2806 
1820 5707 
589 1983 
2008 40 
2765 1514 
761 966 
392 896 
4324 1630 
1844 3844 
2674 978 
3025 1437 
4365 3603 
459 5061 
3108 4823 
981 5641 
4369 1874 
4845 1339 
1680 148 
4964 4692 
5875 1813 
1158 5523 
1375 5481 
2558 1822 
5387 161 
4833 1059 
1362 632 
3544 923 
5407 4258 
2229 3876 
4787 1194 
336 2719 
6005 1389 
395 5579 
270 2980 
2634 5500 
3541 3470 
4878 359 
2758 3647 
5934 2616 
2633 3164 
3952 5849 
409 3792 
4893 4156 
1569 2057 
4354 1488 
407 5593 
2794 956 
4396 5307 
2559 3949 
6070 4276 
1238 2476 
3875 4390 
5151 5941 
6052 3788 
998 2880 
1836 1832 
5537 4144 
3817 4631 
886 4174 
6104 2410 
4748 1276 
4402 5664 
3363 1447 
1856 4571 
2088 366 
5768 2142 
5344 5115 
65 6098 
4998 4437 
2955 1258 
2474 3207 
2889 1152 
1721 4210 
2546 4959 
553 2291 
905 5528 
3107 368 
4660 1516 
2386 457 
4536 1214 
5807 5887 
3382 5461 
5119 4525 
213 1506 
2668 3131 
131 4140 
5825 3840 
1027 1526 
4908 5441 
2834 4943 
4390 2974 
3367 3373 
3301 3131 
4809 2382 
162 5439 
2433 3320 
2953 5135 
3610 83 
515 4812 
3842 2751 
4528 5407 
3034 303 
5067 5662 
1185 478 
439 1165 
1335 2316 
2214 730 
6129 4974 
5741 796 
3045 2125 
117 535 
4607 6074 
4906 453 
5362 1094 
3298 4785 
4155 5683 
4970 4046 
2528 4513 
3817 5846 
830 1108 
5340 5827 
137 5225 
1524 571 
3257 801 
3791 2503 
3006 5905 
4224 3383 
3623 922 
1028 4946 
2859 2580 
155 2318 
1447 4336 
4726 6036 
3637 5668 
4648 836 
2060 3922 
3901 5061 
5836 2485 
2091 3197 
5109 2450 
108 3558 
462 5468 
319 4339 
4136 466 
5205 2645 
2898 4898 
1109 2128 
5827 2152 
4453 5750 
4786 5559 
1760 2787 
852 2281 
1458 3697 
5461 119 
4321 4350 
2761 3575 
3506 5244 
2059 2201 
2618 414 
4188 5015 
481 4699 
2060 3189 
2318 1197 
4455 3346 
2949 1580 
2997 6107 
4133 3947 
4736 4310 
4646 2349 
4459 27 
4201 1793 
1400 1534 
4215 1137 
3134 3680 
6120 5561 
4571 1224 
1292 5078 
709 2221 
444 343 
3804 3990 
5995 4629 
5708 4298 
4597 5282 
1399 4143 
1387 234 
2153 919 
1066 2293 
2798 2348 
4797 2646 
2020 2825 
4215 4339 
3164 5066 
390 347 
2714 5650 
5701 5388 
472 2890 
5255 3365 
5842 1277 
2748 229 
3837 2928 
2354 1913 
5440 68 
3427 683 
441 6112 
5817 1530 
5469 4656 
4778 5764 
1107 971 
5917 6065 
4957 1255 
6122 6082 
168 4914 
5574 2743 
713 214 
3658 2625 
4427 802 
518 3175 
4716 4865 
601 383 
5968 5825 
6079 2073 
2033 3840 
2096 2255 
2410 6066 
2657 5565 
5087 2536 
5621 532 
3278 1740 
2048 3498 
3331 874 
5287 872 
1016 3250 
799 4939 
434 5782 
2401 269 
3075 1149 
5674 1671 
5314 5962 
6086 5831 
3007 397 
5277 495 
3581 6120 
4484 1137 
1167 2695 
6038 471 
4020 1583 
3934 643 
2288 2628 
2184 1532 
6050 1174 
2450 4145 
5447 4948 
1636 4328 
1676 4215 
1236 4322 
1063 1151 
3514 1161 
2248 1911 
5994 55 
6127 4098 
3831 2704 
3813 3510 
3795 1041 
4405 1801 
2859 3941 
285 3201 
3237 757 
2897 625 
2704 3548 
2728 3940 
4769 2208 
3316 1677 
2730 3848 
5294 5182 
2971 1808 
864 5120 
2368 1026 
1615 4732 
1469 6026 
1414 149 
4673 1453 
1705 1566 
4963 1266 
1126 3838 
4612 2083 
2453 1717 
1485 2797 
607 5925 
4973 1094 
3523 5132 
948 1372 
843 207 
369 296 
2292 5919 
5260 294 
2255 3878 
1913 3992 
1868 2509 
5170 955 
1539 3164 
3981 4210 
4410 1080 
4799 5888 
91 1496 
3255 2789 
5415 3368 
4328 3171 
3264 3756 
3050 526 
4096 2827 
2025 5815 
5239 5013 
5565 1456 
2153 2447 
5654 3364 
3399 2623 
3128 2573 
3901 5913 
2657 5192 
3342 4489 
5299 2558 
3558 5312 
5089 4734 
1749 1236 
5207 5115 
2297 1244 
1737 3920 
1036 6061 
1723 2569 
4986 4048 
2154 715 
2030 2972 
2812 5963 
4048 5888 
3829 3289 
4185 4682 
75 1971 
3053 3300 
3992 4005 
3353 3607 
5904 505 
6015 5184 
560 5674 
2657 1293 
3481 3945 
1394 4103 
2780 3049 
729 3871 
3330 2915 
2499 1817 
4939 916 
5321 3719 
3720 3466 
5590 4140 
2356 1683 
1422 5165 
3952 2729 
5693 1772 
4975 2914 
5866 4924 
4636 3908 
1724 5043 
2008 6135 
541 2550 
3476 2221 
3635 4325 
3878 3730 
2229 4027 
2525 1914 
383 3527 
5491 3215 
3822 1628 
4527 2867 
2553 4831 
1058 5795 
2403 1398 
1079 627 
4753 2412 
17 1752 
4873 5224 
1034 2774 
2370 4812 
578 6090 
1447 4500 
652 5023 
2964 1757 
5855 3126 
4453 1549 
488 4401 
2748 2929 
3386 3231 
5272 2000 
5590 3311 
2313 5375 
832 4158 
5690 878 
4625 5364 
1341 694 
5860 2040 
2440 5196 
5052 3043 
4557 3733 
1663 5871 
983 4631 
3139 5258 
5619 821 
573 5656 
4733 4986 
2022 5568 
1557 1203 
3655 928 
3890 5004 
5836 3472 
2005 2185 
3907 1062 
3660 2275 
5756 2128 
4104 1354 
567 4906 
4261 1021 
3119 1034 
5330 6049 
739 2122 
4940 2473 
5001 279 
1033 3365 
5465 5050 
3885 2227 
3378 4806 
3139 3028 
5594 3367 
3943 1216 
2771 734 
457 2077 
848 4635 
1544 1226 
1794 4560 
1391 5216 
4190 1873 
1859 1946 
5118 965 
1866 4964 
5978 4289 
3093 34 
3780 3620 
1370 2422 
531 6055 
1947 4184 
6077 1350 
5562 2319 
5968 3394 
3476 2688 
1498 5471 
3188 4760 
782 2862 
2209 4071 
1095 2694 
3566 3175 
335 653 
2873 5120 
3540 1033 
4714 3681 
3202 4370 
5870 2793 
974 5177 
6034 5396 
2123 3856 
1516 922 
4201 2020 
768 1955 
898 4275 
1668 3205 
5684 639 
1681 5502 
2977 4033 
595 760 
167 831 
5381 360 
1980 2097 
1669 77 
3870 4910 
2404 5126 
445 2276 
4615 5238 
3520 73 
1309 4663 
3338 2184 
2956 2088 
3905 4173 
4969 2409 
4030 5694 
3279 3677 
5962 41 
4131 1116 
1357 3929 
3306 6043 
3994 5612 
864 96 
5138 2457 
5708 690 
4759 4904 
1583 5553 
6086 2244 
5680 4301 
3083 189 
5344 580 
655 2011 
1569 1917 
5719 4769 
1407 4962 
177 697 
2561 5136 
5178 5164 
3470 374 
3525 2285 
2789 1878 
3628 3772 
5773 63 
481 3601 
439 3314 
2342 4376 
5834 5372 
5964 1196 
272 1383 
3042 911 
1765 413 
2789 1344 
5051 4874 
1188 2241 
4169 433 
3518 5456 
1733 2532 
757 3905 
143 2290 
1108 5080 
4788 3671 
3116 3382 
2607 499 
4857 673 
2066 3218 
3328 1611 
4935 2811 
5856 1546 
2858 3227 
1476 29 
218 1469 
1005 1978 
3428 2693 
2604 2286 
1983 3552 
2690 979 
2775 1810 
866 49 
4048 4314 
5929 1640 
5783 245 
518 3801 
5478 3168 
4652 5907 
2058 60 
2046 423 
4768 3297 
1210 5421 
3044 4105 
2012 3643 
35 4160 
4479 1463 
3254 4239 
4350 5626 
4062 255 
418 5664 
917 5678 
5619 2640 
287 4682 
3844 2074 
4470 4412 
5185 4975 
806 3123 
3082 730 
5185 1230 
4191 997 
4340 1393 
4602 5913 
872 1200 
1954 2790 
913 2737 
2624 1756 
3891 2875 
3791 5925 
2647 774 
1477 1652 
5267 4117 
1511 352 
55 2441 
1020 5826 
3417 1524 
834 116 
2661 4279 
585 2515 
946 5907 
4164 535 
4084 5231 
4776 1575 
2745 3797 
1390 2194 
1931 2180 
1835 5188 
3906 4516 
921 3216 
4719 1688 
2517 3333 
1442 270 
1381 1810 
3943 1242 
5646 1699 
2883 1065 
6106 668 
565 530 
6075 6147 
3282 1125 
1978 4687 
3252 5912 
760 5687 
3007 2798 
1244 1742 
1414 1881 
3776 1693 
1884 2472 
3001 5768 
6071 2429 
5548 2808 
158 1917 
1433 568 
6031 4786 
13 2699 
2370 4081 
2488 3912 
4960 1763 
1658 5609 
1595 5838 
2969 209 
2773 5330 
5581 3355 
2377 3402 
2817 3640 
1030 558 
6105 1268 
299 3526 
2369 3303 
1189 407 
4603 4815 
4275 481 
1549 5207 
4621 4521 
3454 2946 
2289 2659 
3120 2386 
1106 4729 
3888 1974 
2247 2946 
2948 4461 
5271 3487 
2073 1657 
1049 5506 
2982 4649 
933 1807 
1802 2554 
2410 2599 
524 3001 
1325 92 
638 871 
4482 5412 
128 1655 
2268 3419 
3001 3749 
6138 959 
2530 3335 
1988 2362 
6086 1577 
2478 1154 
2849 167 
3437 2122 
3868 4417 
3657 1424 
2951 2794 
3419 4560 
3618 4412 
229 2150 
3659 4352 
2115 681 
2736 2712 
1109 4052 
5092 2781 
4928 2812 
2034 5228 
1438 535 
1354 765 
2130 3044 
3932 751 
1453 6047 
5967 1986 
1542 5495 
1029 3386 
3235 3728 
3587 2534 
3284 5943 
323 3076 
2609 3129 
2496 1667 
1360 2793 
428 2983 
2225 6060 
642 452 
3677 1276 
861 57 
4528 3389 
298 2696 
190 3434 
1374 3863 
5964 2772 
2801 5339 
945 171 
1395 1567 
21 2176 
3061 2795 
184 4487 
6035 4308 
1649 3535 
3079 3025 
1292 793 
623 3007 
4409 1154 
4045 4245 
1739 4363 
6031 5354 
5778 4263 
3101 2458 
4547 6100 
726 5302 
437 4365 
4770 1539 
5295 4876 
2953 5826 
1317 1056 
5143 1091 
3635 3099 
2560 4204 
2277 2266 
1815 1225 
1636 6058 
5626 4071 
2279 3771 
4244 2088 
4642 779 
4821 2963 
1125 4800 
234 279 
5439 2538 
3613 1027 
882 3201 
1620 3296 
5838 4882 
922 5036 
3248 5522 
1626 5149 
204 3163 
4602 5723 
1084 2283 
2796 2750 
1986 5566 
2533 3310 
5115 4193 
5377 1671 
3591 5122 
1460 147 
4052 1364 
3658 4279 
3643 5481 
1409 5894 
3756 1502 
4323 2051 
517 1201 
4060 819 
46 783 
2558 4830 
4982 1217 
2654 887 
4693 527 
3281 2885 
4145 1457 
927 4789 
5243 2265 
5935 893 
991 4647 
3254 5781 
5798 5438 
241 5941 
544 4820 
4841 4038 
1790 555 
1368 4244 
247 2466 
1825 3410 
1990 4650 
4481 2172 
2531 3923 
645 5465 
2279 1574 
362 122 
5632 290 
4551 2430 
2461 133 
2915 1215 
2207 4010 
1174 5622 
4139 788 
1690 3074 
5664 5358 
1102 4663 
5403 2756 
216 3092 
2915 4876 
5788 6012 
4757 1686 
4968 757 
2530 4861 
3056 5840 
132 778 
5364 971 
1348 3367 
2547 5970 
5111 3369 
5197 4837 
1121 4336 
5478 4912 
310 2372 
6117 5170 
1225 5407 
1208 3013 
764 2427 
2624 5071 
5067 1054 
2608 2805 
3853 1153 
1016 824 
4603 3972 
1886 5615 
2415 17 
583 18 
589 5728 
2199 2316 
753 5329 
5171 699 
4377 4673 
4187 4287 
5682 456 
4622 840 
4915 1917 
2185 5667 
6019 1875 
2317 431 
45 6049 
4578 2447 
4939 4291 
903 2507 
3723 4856 
1384 4621 
4788 3008 
577 2150 
1009 5367 
255 534 
1665 924 
2860 2921 
3585 4571 
6004 2797 
1195 4684 
5498 3496 
4184 4061 
2346 1340 
2006 3669 
6012 1942 
2219 3209 
1263 4934 
4035 286 
571 1490 
1685 5301 
1908 5620 
2765 3002 
4102 3285 
5436 1637 
2260 1182 
3225 4187 
2699 3155 
2755 4861 
5653 949 
5363 2777 
2355 1272 
5829 4735 
2409 3115 
2709 3781 
227 2492 
4299 3122 
924 1222 
5554 3193 
2094 3865 
821 1119 
5940 2726 
602 3060 
2669 389 
2499 3961 
165 3861 
2261 5100 
1095 4389 
4866 1257 
2231 3290 
1562 2028 
4369 6085 
4826 58 
2475 3579 
1393 3121 
822 156 
2303 4025 
1483 5349 
2770 1175 
5590 853 
5617 6110 
412 2982 
3712 5530 
1532 309 
1006 4632 
1552 2352 
573 5716 
1505 1809 
575 4478 
500 1019 
192 1264 
1171 2681 
3313 1073 
5641 5657 
720 2690 
2865 5193 
4002 5084 
3175 5109 
2135 2868 
4439 2580 
4093 1210 
1956 3799 
2810 735 
5513 5918 
5538 4008 
4762 5050 
260 6101 
2289 3944 
3875 2395 
3846 3986 
3894 2340 
1107 4720 
664 4847 
1748 2241 
1594 225 
1889 2258 
401 4886 
1113 2862 
1878 1862 
973 799 
4126 1227 
3093 3002 
5115 843 
82 6063 
3197 5775 
2825 4666 
3923 3890 
1856 4237 
3772 4652 
3781 4397 
5398 5636 
1624 250 
2162 975 
3292 2011 
4457 4010 
657 420 
5247 2662 
1292 3548 
5302 4038 
3306 380 
4153 5454 
3893 2861 
330 3649 
4372 962 
5934 1271 
957 3762 
964 6066 
3317 4962 
4835 1796 
1516 4107 
3422 385 
3657 2765 
4951 3919 
4438 4416 
2754 3033 
3316 4576 
4176 4403 
502 539 
585 2102 
2517 598 
4936 908 
5669 4805 
1249 5561 
3542 405 
6033 5626 
4002 2305 
2234 777 
5894 5428 
3520 5839 
2884 4300 
5355 387 
3183 725 
1880 3937 
2123 1447 
828 5337 
1121 4835 
4732 3959 
702 2897 
4629 4466 
5985 5015 
5812 332 
5848 1602 
2028 4916 
1688 2703 
4087 3458 
3937 428 
1399 1273 
4011 1581 
4786 3206 
3877 4387 
1058 1079 
5102 1549 
4567 600 
450 4577 
671 1359 
5434 1751 
345 3852 
2147 5388 
119 2925 
3544 3445 
2859 2490 
5952 1137 
2403 3118 
2576 3479 
4932 901 
1973 2086 
6130 4376 
794 138 
676 4999 
718 5718 
607 337 
5877 3647 
5523 5091 
3236 1578 
1212 1628 
3505 5906 
2165 4622 
132 208 
3332 598 
5422 5343 
1392 2034 
5006 5262 
3455 4099 
635 840 
5548 4521 
2005 4896 
4947 4514 
2802 3319 
3554 3101 
4981 4788 
5539 748 
5755 2778 
545 1841 
2025 792 
6076 1090 
4285 3158 
3937 2861 
333 2403 
3129 3669 
6007 400 
4175 5107 
4446 2320 
3580 532 
954 4791 
612 2484 
3706 2423 
4132 4900 
3305 3941 
2718 5886 
167 814 
2769 4737 
4652 2706 
3422 1392 
2030 4009 
5662 1302 
5598 5884 
5840 3841 
4268 5106 
3878 3936 
3776 3414 
3778 3287 
3770 1641 
563 5787 
3886 4794 
3963 794 
2522 1533 
1485 3839 
3805 2761 
5567 4688 
3947 21 
4753 5526 
1198 4378 
4423 5133 
3208 6053 
1921 3602 
4042 4989 
4465 5106 
4536 1739 
1522 5599 
2297 2167 
1235 2582 
2662 5494 
4301 78 
6070 54 
1766 3449 
4423 4535 
633 5723 
5191 5715 
1038 546 
16 218 
1164 3904 
3292 5469 
1595 3488 
3591 1601 
2132 4649 
4332 166 
2675 5850 
3441 964 
1048 4269 
5644 4067 
4650 585 
3845 5063 
5132 3750 
168 1415 
1397 998 
2719 5370 
5176 1074 
312 3574 
2402 5378 
3513 3446 
1376 1375 
1278 2327 
5689 2399 
1154 5717 
2353 9 
2433 5576 
2086 1008 
1378 2472 
474 2657 
2175 603 
699 3338 
1550 1282 
1173 1473 
2843 1593 
3116 4562 
2066 1396 
2536 2943 
5917 4269 
5979 2010 
4115 730 
2718 5529 
5954 5550 
1596 4495 
3677 2151 
922 5010 
4761 397 
4980 4587 
2993 3907 
1319 2146 
1750 3652 
3640 4400 
2922 6078 
3905 1973 
3776 3347 
5663 4790 
5954 5630 
1400 2330 
3202 4560 
1652 5251 
5323 651 
2306 2576 
2025 4566 
320 2762 
2929 4958 
1256 714 
5743 3497 
1042 4936 
4223 2049 
733 2682 
3420 5119 
3405 4768 
73 3764 
1825 3106 
1206 218 
5031 6093 
6047 2864 
2083 2884 
1579 5285 
5151 3213 
4713 4044 
2888 4453 
2589 325 
4941 4022 
5754 6009 
5913 524 
713 3332 
5428 4589 
2228 93 
450 852 
5581 1059 
188 2183 
1669 6043 
777 4421 
484 3360 
4400 2976 
1946 5382 
1282 1399 
2137 215 
284 6017 
5595 1145 
4161 2077 
3889 3742 
751 3348 
3518 3145 
1253 3568 
4232 1828 
544 1354 
5863 2203 
5687 4206 
4346 4088 
2950 5035 
4404 5165 
5259 2561 
2465 3459 
200 1965 
1315 3074 
4994 1407 
811 4926 
5395 1255 
2438 704 
3730 288 
5827 234 
4665 879 
1292 1821 
812 1102 
2538 5486 
1936 5316 
3501 209 
3246 165 
2780 2812 
5636 5149 
4697 3923 
4358 6084 
6002 4776 
1792 64 
2642 579 
4612 1794 
5897 3094 
2472 5635 
5153 39 
6021 4713 
375 1308 
4384 4571 
6124 1684 
107 3281 
5040 4464 
1695 3977 
6042 1105 
3001 5825 
179 4136 
107 3556 
4110 4305 
3674 787 
3239 5080 
2916 2182 
4208 3264 
4024 2364 
2967 444 
3330 3950 
1649 4870 
2881 2650 
3806 5460 
4257 5629 
5094 3190 
4566 3556 
3278 1534 
1689 4375 
6147 3199 
5686 189 
800 1056 
5918 2984 
4470 5871 
1517 609 
2782 2384 
1922 4686 
2865 5286 
975 1122 
2881 842 
2399 3044 
4681 316 
4338 5089 
3226 1997 
1841 332 
5542 2784 
5969 1877 
2569 1719 
192 5941 
857 599 
2279 3174 
665 5687 
3843 5197 
3745 4229 
5071 1397 
1110 5018 
6039 4107 
5143 3499 
1162 2410 
778 5773 
759 3630 
74 2048 
5361 4281 
4979 2717 
1783 3643 
215 1055 
3555 5721 
72 634 
4784 909 
4975 4677 
749 3043 
3076 6043 
5623 1395 
2 3440 
2219 627 
609 2928 
2660 2896 
1825 6108 
3622 847 
5467 2570 
2068 3844 
1680 5838 
1264 1682 
98 2404 
1831 1160 
4707 5243 
4143 2046 
975 2762 
3492 2384 
3277 3339 
5244 4645 
5120 4086 
4861 1020 
2260 1640 
1722 550 
4146 4155 
4977 1215 
1509 6037 
1404 5281 
2103 1827 
5043 3448 
5938 2771 
2872 5666 
3703 3037 
1327 5679 
487 5189 
3631 2071 
1190 4731 
5125 442 
74 3273 
3163 5630 
585 659 
4681 2512 
1929 2126 
2403 324 
3190 6114 
3043 2379 
4413 5661 
5530 2833 
4123 1613 
778 5318 
5781 2940 
3540 1085 
2755 4131 
3047 813 
3538 2677 
3941 2578 
5044 3120 
5533 2632 
2296 1022 
580 253 
4006 3060 
3920 5581 
18 3488 
1614 360 
322 3390 
891 3532 
2115 2570 
306 3368 
4297 1449 
3705 261 
3113 993 
1807 246 
3832 1163 
4326 5460 
2934 3735 
4854 1761 
5820 1434 
5235 3100 
2202 2898 
2044 5508 
4447 340 
4184 846 
484 1392 
4552 5435 
4665 3551 
4282 1103 
6074 5661 
2397 942 
4424 3169 
515 4067 
3030 3590 
1140 1773 
5585 54 
2117 1040 
1916 2540 
2399 4582 
3217 1818 
5433 1800 
168 3372 
2327 2127 
6006 1028 
701 6111 
6016 1555 
5118 2454 
2176 5577 
2314 4279 
4327 625 
3280 85 
2980 600 
442 1209 
2606 5615 
4989 5378 
5526 2831 
1232 5738 
5604 5774 
3932 1892 
2619 830 
1939 4627 
3847 784 
903 3758 
3811 2677 
2767 420 
3436 5992 
1549 548 
4924 1520 
3159 80 
392 2955 
4284 5900 
805 2897 
764 2534 
4145 952 
4976 2743 
193 4492 
2064 2532 
3116 2103 
2432 4679 
2466 4379 
1097 5845 
931 5355 
275 3017 
4694 4994 
4688 6100 
3309 628 
2003 3694 
3394 5006 
1989 1592 
5023 3396 
2790 1253 
2885 316 
4662 809 
1236 1645 
1576 4303 
1088 3769 
3426 1489 
5447 4152 
3747 4144 
344 2252 
3378 3580 
457 3461 
4186 5927 
622 4732 
881 4662 
5351 710 
674 2037 
2304 1655 
5937 4516 
3729 1786 
2448 3980 
2420 988 
6130 2832 
4999 87 
4608 1545 
3391 3642 
3733 5391 
5402 1894 
2291 5698 
6070 1765 
3404 3274 
3612 2929 
3543 5879 
3946 2987 
691 194 
3245 3885 
1777 4965 
1827 2278 
4736 5756 
2679 853 
487 3951 
3259 2160 
2400 3341 
5172 1459 
5570 1144 
3478 125 
640 5744 
15 4681 
4223 919 
1546 3283 
5162 5946 
1114 3448 
3504 602 
2891 2039 
5164 42 
2842 2961 
578 1017 
2972 661 
2582 4657 
353 4119 
3526 1568 
275 1711 
3418 5379 
5634 4769 
4879 2456 
5097 867 
5566 2270 
2875 3105 
5197 2079 
4484 4134 
2773 2848 
5758 3723 
2423 4243 
1863 2322 
4161 1772 
4449 171 
3876 1132 
4443 1745 
1531 6113 
590 5247 
4324 2099 
59 1957 
1635 3872 
3225 2717 
271 5255 
4540 2183 
2148 1384 
4999 2366 
460 5335 
5352 4650 
5271 2643 
2869 3785 
1709 3818 
5977 5552 
4305 1982 
2406 1670 
1048 5961 
3659 703 
4209 1524 
608 4795 
4406 930 
144 4564 
1222 4573 
1498 5530 
4275 2915 
4896 1138 
1546 5322 
869 3714 
5271 1111 
4982 3857 
577 874 
4751 430 
3533 3436 
237 1274 
188 2500 
2302 3295 
411 2083 
970 5780 
1601 291 
5943 1114 
1333 4416 
3930 1198 
3214 654 
1995 797 
2189 5691 
29 955 
913 269 
1040 5001 
5626 3975 
4965 4702 
2788 5488 
1777 1885 
4782 336 
1129 308 
4282 5828 
603 5874 
105 3119 
1913 4934 
500 2411 
4749 797 
1224 3230 
5686 5745 
3486 4293 
1124 3442 
3395 4218 
2698 356 
146 5834 
2390 4299 
3347 3404 
3391 3288 
4624 5419 
1156 2561 
4696 5435 
3028 840 
3591 3118 
1176 4774 
5947 5083 
448 4358 
5908 1488 
3715 1012 
2578 1061 
5901 496 
3377 235 
3283 4721 
2857 1264 
3415 4065 
1098 4991 
3152 2486 
2627 5161 
4913 5188 
938 3796 
709 971 
2795 5542 
7 1651 
2384 2850 
3179 6013 
3340 2289 
266 4404 
1041 711 
5669 4545 
4805 2422 
5189 1811 
1785 1664 
2599 5787 
245 4017 
4370 5974 
960 4911 
2397 2923 
2900 1076 
4148 2703 
2320 1222 
1844 1121 
5790 4656 
4491 3077 
3242 4241 
5448 1038 
5573 91 
5021 6110 
495 2835 
1484 2717 
2002 5362 
113 282 
11 3643 
3054 5803 
3715 2761 
3503 4263 
3772 359 
5638 5874 
380 5319 
3522 3360 
3856 1713 
1432 5349 
1360 522 
4251 2700 
2730 4555 
5472 5649 
788 140 
5155 1279 
3545 2556 
4494 5100 
4701 3514 
3204 4735 
495 1682 
203 596 
3253 3443 
1883 3930 
3744 3873 
3429 4574 
3936 466 
3971 628 
5352 1006 
334 4074 
6113 6032 
1939 1351 
1686 2068 
2448 1946 
3469 4065 
426 5139 
2836 467 
5875 913 
3749 3653 
5618 4912 
676 5655 
620 6009 
2943 3728 
5564 1785 
1156 5894 
1405 332 
2376 5662 
3043 990 
5284 4966 
1445 4827 
2497 275 
3561 3782 
868 4723 
2772 2527 
2235 5985 
4766 1027 
14 1289 
5197 1753 
6135 1247 
1191 525 
3571 396 
2531 5836 
4674 472 
3198 919 
3085 2990 
4411 4446 
4118 3977 
6129 3016 
1915 3693 
5686 1360 
3132 1549 
3709 1724 
3092 4820 
502 1893 
359 371 
715 5789 
4448 2104 
3229 99 
945 3445 
2286 1736 
2510 4936 
562 261 
3990 1900 
4448 5968 
2929 2650 
2926 5226 
344 2634 
3943 6046 
2527 1374 
2694 1624 
53 3021 
5060 30 
1818 15 
3991 3315 
3926 452 
5828 3803 
3084 5778 
5711 3699 
2165 5270 
1653 2408 
3201 5275 
4912 4065 
3806 2199 
2143 1333 
5421 2991 
5996 5359 
4350 1527 
231 2205 
3965 153 
788 4837 
4531 5846 
2140 2755 
5990 905 
5028 2682 
4312 1452 
1585 287 
6060 3997 
3639 751 
879 4010 
4819 3687 
2123 1662 
2399 3760 
2649 2846 
5226 1292 
1878 2984 
781 1588 
3672 2023 
5812 1324 
4365 5411 
5261 3396 
3034 1042 
5347 4544 
5529 1398 
6059 4675 
4199 1345 
1649 4237 
12 3268 
1412 2987 
113 1723 
874 4757 
1000 1932 
6050 1764 
3981 3360 
4371 4509 
418 5277 
5023 2693 
2686 5833 
2382 1070 
5139 4902 
2093 325 
3076 4963 
4056 2762 
3928 1714 
4376 5843 
775 5381 
4784 2925 
875 5798 
2957 5531 
2990 1714 
150 1501 
599 5820 
2149 159 
3764 623 
687 2356 
3228 1078 
4108 574 
3724 1256 
934 2739 
1801 3104 
2169 4758 
2256 2272 
3491 5483 
5271 5940 
2538 896 
2426 3771 
1114 2627 
5094 3753 
2905 489 
2923 490 
2639 2642 
3491 1307 
1244 5980 
2194 3874 
149 508 
1904 1289 
5454 6096 
3254 466 
6046 3281 
6025 1198 
1731 2351 
5159 1662 
827 2674 
2824 3008 
3137 5022 
2021 2750 
5814 5429 
4499 5000 
3453 1141 
6014 1198 
550 1689 
4678 5622 
3633 3220 
4253 4707 
3666 1589 
605 3420 
4691 2679 
5993 3772 
502 1409 
3301 2455 
761 3392 
795 1097 
3607 5836 
3511 2670 
796 4857 
3059 3827 
4878 4091 
2734 545 
5414 2683 
543 2436 
5582 2685 
1344 423 
2267 1984 
3027 995 
5839 3430 
5131 214 
5521 1511 
1279 2688 
4384 1466 
1640 3891 
4144 6076 
2380 825 
138 3659 
1686 3201 
6140 4892 
3678 4890 
1921 3485 
360 2162 
1631 4525 
3266 5450 
2000 5029 
5468 5619 
208 5055 
409 4194 
2633 3103 
2550 5537 
1451 2873 
2423 4337 
2804 3579 
1456 1634 
4357 2537 
4633 3303 
3241 3396 
2442 4533 
1398 4242 
3966 1412 
1145 1854 
3480 4268 
5467 4256 
3005 13 
5162 2046 
4008 3589 
3830 4085 
4169 2720 
1369 1340 
3360 5162 
814 1818 
3667 5590 
3442 733 
5335 2188 
4703 3093 
3156 4918 
170 3590 
1728 4134 
5665 44 
955 808 
724 2607 
102 1322 
4917 2743 
4417 5059 
3988 2406 
3306 3511 
4196 5143 
937 3052 
2294 5772 
3960 696 
5547 3984 
520 344 
6130 4320 
5905 1920 
373 5522 
5704 4071 
1332 3671 
2726 4792 
1931 3438 
2072 2725 
4756 3459 
261 3723 
1508 4097 
5166 4634 
4582 2731 
5882 5327 
2327 5265 
4394 4442 
2458 5356 
81 3123 
3265 3642 
1443 4992 
4683 2236 
26 3216 
5330 5040 
3037 446 
5685 4062 
1034 327 
5987 1186 
2346 3609 
1221 3123 
4697 905 
4109 3417 
5107 3637 
805 2335 
3670 5925 
3028 2237 
273 4974 
4522 3723 
2130 2594 
4007 5613 
4515 322 
1227 2334 
5903 3484 
5064 5884 
1135 3362 
4777 6088 
4425 4018 
5627 4148 
3042 3987 
2312 4345 
2917 1362 
1769 3325 
5853 4088 
5832 2500 
4841 818 
2402 4074 
3767 3635 
1420 4908 
5064 3472 
5269 3021 
4385 1010 
1527 1071 
4752 1792 
1077 2890 
1781 6038 
866 4401 
3941 1913 
5946 723 
5390 1112 
320 5432 
3429 2854 
4789 5529 
810 4106 
4857 1962 
3102 4285 
620 338 
2265 5448 
5553 1367 
4603 5451 
1733 864 
4606 1406 
708 2275 
1703 5053 
7 1193 
5224 2996 
1527 1431 
807 4561 
4914 4604 
5558 4792 
401 901 
1207 3909 
2387 939 
742 3382 
5294 1186 
4418 1550 
122 3388 
4058 2749 
4110 4700 
2214 2339 
4737 744 
4025 5346 
1888 2898 
5181 4868 
1357 4472 
4868 967 
5484 3571 
3150 4278 
4960 5797 
5605 2355 
2328 4460 
6135 1729 
4157 5748 
2917 247 
2598 636 
377 2060 
760 4827 
3460 4140 
4578 5826 
4945 435 
5103 2596 
1454 2082 
5952 4531 
2944 5102 
1637 805 
2128 1668 
5857 1149 
489 3762 
3012 2243 
3914 6044 
3217 2103 
4876 3926 
5384 5685 
1880 2669 
4394 5904 
1932 998 
3657 883 
3132 1444 
1617 2108 
2668 4842 
3021 1754 
5584 4593 
3315 2475 
5148 5301 
760 4305 
2117 1414 
4466 5699 
326 5946 
4026 1872 
5277 5509 
422 2640 
1220 526 
988 3255 
3293 1972 
5537 393 
218 4544 
1776 5914 
1309 1976 
3637 4348 
3790 5647 
1847 3527 
5451 4732 
1905 4194 
2487 2079 
1935 4514 
2921 2796 
1992 5400 
5953 271 
5023 3736 
2721 2555 
3193 825 
3315 2234 
4230 2153 
896 5386 
5282 5472 
2409 4214 
4148 3654 
403 3889 
5398 463 
1379 4298 
2894 4381 
3125 904 
82 5546 
568 1322 
42 5201 
570 5261 
608 3199 
2750 86 
181 2340 
1467 1157 
2719 4418 
3301 3049 
3443 3644 
5994 1910 
1322 2081 
5296 1065 
2900 2846 
1164 2782 
5070 154 
6136 4811 
4583 15 
2801 735 
3768 1762 
3078 3097 
3395 977 
3303 2058 
652 5510 
4517 4317 
3876 5001 
4093 5172 
1800 35 
1809 5850 
3678 514 
6031 2147 
15 1523 
3456 4660 
5741 5742 
2850 709 
5334 380 
1907 5564 
4396 362 
1999 2848 
338 139 
3739 1394 
5308 2070 
3783 4516 
5977 1063 
3619 1124 
4032 1249 
4061 330 
2968 257 
1277 473 
1437 5905 
910 3235 
3229 4922 
1093 279 
400 5908 
2585 3761 
87 3255 
4385 4530 
5461 4493 
6129 5011 
971 3104 
5985 4872 
2555 5658 
3978 2855 
3207 2706 
4681 1670 
5274 3384 
1998 4719 
5177 6125 
2187 3212 
160 1780 
3360 3169 
1591 987 
5485 4029 
5201 2229 
3181 3181 
3684 3219 
4062 5155 
5150 248 
1077 1263 
4329 664 
5970 3274 
3792 2652 
3866 5499 
3806 730 
4982 2289 
5565 2964 
4287 4707 
3092 1160 
2538 1607 
1473 4392 
548 3933 
5251 6123 
3951 4222 
5510 2239 
2972 2804 
4181 2195 
1933 5503 
5216 691 
2842 5963 
787 580 
978 3781 
4928 2266 
5808 3337 
3206 3929 
3144 5461 
2376 1314 
4269 2591 
3699 5468 
3344 2986 
1262 2867 
3939 4028 
1635 1577 
4223 3326 
2327 3122 
4264 1821 
3308 3478 
5102 1960 
251 3864 
4079 3827 
1417 5552 
2810 6063 
2392 5538 
1982 4383 
3203 5214 
4421 3019 
1764 4621 
3364 4280 
3588 3427 
2050 2934 
5337 3663 
2889 4088 
1012 2252 
139 3164 
3571 5532 
1875 4372 
5495 1543 
1552 5619 
3989 5241 
1178 978 
6110 1095 
5534 1575 
3809 5971 
1916 5838 
2873 656 
1539 5161 
2397 3239 
3842 3939 
1498 576 
545 5086 
2093 1384 
2679 2329 
466 2756 
535 6024 
4568 3459 
5895 969 
3262 2860 
6082 2369 
2238 210 
4497 921 
5016 418 
4652 917 
1521 1432 
2083 3089 
4926 1247 
5098 4534 
1349 1946 
429 6092 
4156 1764 
559 806 
4124 1109 
5048 2712 
138 2528 
4649 4808 
3555 4009 
1863 3874 
3499 949 
5579 2787 
3527 3776 
1270 1225 
4392 1234 
4147 1881 
1843 4346 
3723 249 
5262 4321 
1722 1017 
1388 5858 
5944 4858 
4687 4386 
716 5094 
1276 5149 
5131 481 
1356 5917 
1895 5659 
1905 2411 
1341 1220 
4030 6012 
1024 6072 
3036 151 
3403 3232 
5822 6029 
3150 5494 
6107 3053 
3202 1434 
207 5929 
5056 1857 
1417 1712 
433 1468 
2432 1620 
679 1786 
1461 2665 
3249 4418 
141 2523 
4294 5369 
450 4112 
550 2520 
5625 1693 
2603 1852 
2858 3931 
4226 3581 
3170 2184 
4354 371 
5228 1225 
3412 1007 
580 3817 
3144 5231 
5273 2938 
3978 599 
2074 3254 
2459 1635 
1982 4187 
2177 1706 
2502 1932 
3762 94 
3796 608 
1892 711 
2248 1475 
1460 2592 
2337 3540 
324 5059 
3777 5333 
4816 416 
4243 6133 
5008 5233 
164 3793 
4700 2711 
1792 5565 
6124 5004 
841 3409 
3265 3770 
403 1883 
353 5113 
1876 4695 
5625 2880 
5946 3912 
5009 1830 
4829 2176 
2544 5021 
2613 2443 
370 933 
6136 190 
1924 4734 
67 2140 
754 1192 
1681 2523 
432 3725 
4758 4268 
2040 5386 
3274 4494 
5935 735 
4658 4735 
5395 2281 
5755 1882 
1045 5430 
5992 2906 
4371 4044 
1873 3009 
5417 3318 
765 748 
2271 3105 
5630 3350 
3435 3397 
1864 5526 
1200 2810 
2820 3329 
3931 5067 
4800 1471 
4817 4288 
3538 5500 
4733 105 
1443 999 
470 4014 
1804 2545 
1090 1763 
146 3311 
2674 4941 
2735 5421 
1192 1075 
6098 4700 
4896 3633 
5340 5175 
1779 2138 
5448 5269 
1774 5050 
3605 5663 
2692 5112 
210 5778 
4133 5237 
3234 3391 
3244 1128 
2391 2876 
691 3285 
3118 74 
2141 2377 
3710 5219 
966 1714 
4823 5013 
3224 940 
2555 1507 
3342 809 
1719 6005 
3368 4052 
49 2135 
6068 5989 
1659 5011 
1911 5437 
5241 2151 
345 1195 
615 350 
2182 2643 
4693 5540 
5509 3833 
3072 6121 
64 2727 
4907 3254 
509 5326 
4776 4267 
3473 4648 
2394 567 
1315 4462 
1827 6026 
164 5216 
4273 6034 
3498 1176 
2836 3281 
1375 5515 
6021 1944 
5823 4256 
3963 617 
5453 3572 
1975 6116 
4723 750 
3914 5323 
2121 6055 
1799 1900 
5818 620 
3267 1142 
4950 1252 
5919 5424 
3075 5554 
2249 1746 
1623 2477 
4293 1692 
628 5071 
4194 2603 
1730 4669 
1327 4798 
228 3053 
2460 1371 
3601 2044 
1408 4740 
488 4363 
4289 4202 
3962 441 
2213 5749 
4237 2850 
4341 1360 
1482 4831 
2271 1699 
1523 3931 
4655 40 
3047 378 
2350 2190 
3703 5414 
1372 3004 
220 5053 
2187 165 
3200 409 
1092 2166 
4324 161 
1324 1040 
21 5918 
4084 4358 
1985 1142 
872 2356 
4196 3996 
4799 3497 
5956 4697 
1056 4452 
5824 2191 
1634 40 
1426 153 
5986 573 
27 1336 
393 2852 
3929 1893 
3357 474 
5692 4787 
666 1517 
5054 3649 
4997 1832 
924 3261 
1808 3976 
3471 4229 
5752 201 
2777 5271 
5818 1129 
4172 5817 
2080 4076 
2439 5896 
5750 2680 
3540 5726 
5619 3304 
936 5427 
6014 3990 
1822 1680 
6128 4599 
2880 434 
4239 4721 
4923 1463 
3688 3227 
1236 5476 
4576 2561 
4345 2135 
9 3020 
4087 5566 
22 2786 
5506 781 
370 3 
2282 4054 
96 4267 
1265 909 
2074 4576 
2237 5903 
1881 1667 
2745 1891 
205 5615 
4399 1847 
2732 191 
3287 5099 
3303 1677 
293 5498 
995 340 
619 2744 
894 391 
1146 3861 
2788 1454 
1008 4668 
1801 1622 
1127 2423 
4650 2227 
2050 3758 
3265 4823 
4662 5559 
132 3427 
382 5674 
5011 5133 
2976 793 
4998 458 
2998 523 
1105 275 
3841 272 
4388 3294 
5604 968 
5924 3632 
692 3680 
639 4458 
5289 5930 
3384 2921 
3702 2661 
5338 586 
502 4261 
4322 2172 
5626 3190 
3861 3179 
292 4878 
3641 3101 
1614 5677 
5175 5641 
2636 1616 
1211 427 
5929 5354 
3207 1922 
5453 5704 
2057 1100 
4112 591 
4795 2162 
4740 5231 
4935 1153 
1149 2424 
2777 341 
1926 5275 
4846 3344 
964 1031 
2495 5854 
793 5942 
4308 2813 
3139 2312 
3392 5696 
1397 2451 
5665 3266 
3248 4020 
1526 3311 
152 2518 
5864 1883 
782 4766 
1046 2724 
1941 1658 
491 920 
2071 1740 
3147 512 
4929 3499 
1412 1559 
4590 4587 
5373 1305 
2629 665 
5870 4580 
2226 6033 
1471 3913 
1542 3251 
3115 599 
1895 2782 
1313 3376 
5798 511 
5719 2448 
167 5384 
4648 956 
2183 764 
4195 3707 
3288 3841 
837 4512 
690 3628 
10 2705 
2602 2000 
2999 2426 
2951 1334 
101 2715 
2343 5505 
2873 5185 
3223 395 
3596 5118 
3351 4948 
2536 2252 
3986 1647 
2839 5343 
2936 5198 
1747 944 
714 3377 
2561 4739 
1977 944 
1515 1333 
3440 6016 
4843 439 
1476 5637 
2240 1663 
3309 3754 
5215 2721 
5906 306 
1395 2806 
493 5538 
2993 2506 
4563 2130 
1828 944 
1951 5899 
3478 5351 
919 2111 
802 133 
1522 2967 
5891 5209 
2705 4347 
5127 5754 
1092 925 
741 2119 
582 4198 
1624 1382 
3097 4551 
2009 1311 
4065 3632 
3221 2756 
1347 394 
132 4477 
4067 2445 
2307 1440 
1690 2790 
3864 4001 
2237 2938 
520 5302 
4878 4426 
4768 1338 
5742 919 
3237 1082 
441 3811 
5943 2481 
3826 3641 
2514 1819 
2571 3897 
4880 2059 
4246 2142 
5793 2914 
1066 4509 
2610 5882 
4190 2312 
5370 3137 
3053 5973 
5363 5532 
1930 3343 
433 5198 
5404 3098 
658 881 
5447 5840 
5222 554 
2406 5480 
3967 5236 
3900 5406 
3675 2121 
1466 2961 
4408 4183 
6141 897 
4109 3491 
4671 2811 
5374 3360 
5438 2392 
2064 2846 
5111 4653 
5322 795 
2538 5069 
4197 1990 
1366 2082 
2486 4041 
2063 6035 
3266 5030 
3008 5673 
257 434 
2217 2490 
234 5811 
2069 5677 
2615 2578 
5377 1453 
4502 4396 
4333 1167 
913 3920 
6116 3740 
904 2130 
487 4711 
707 58 
3613 823 
839 3475 
385 52 
1506 793 
3641 317 
2293 1495 
2086 1150 
5522 4220 
5494 2635 
2068 3001 
2719 5230 
4541 776 
3007 5297 
4077 4505 
5601 5001 
3640 1739 
5656 1697 
1569 2258 
258 2600 
4902 2463 
4271 5643 
5176 5253 
3061 454 
3021 68 
6016 1359 
2060 5828 
258 3701 
4290 2130 
3400 2985 
4315 1448 
1976 2067 
4092 1151 
3066 3435 
1904 3719 
2769 852 
234 218 
1389 2559 
935 1141 
5145 5113 
3767 2522 
214 1872 
3563 1382 
1131 2626 
4119 1689 
4480 1511 
4112 309 
472 3550 
2949 933 
5507 4000 
4136 4123 
2197 816 
4694 1187 
83 4221 
5590 5296 
359 3294 
2879 219 
1289 4677 
1208 5645 
2847 2336 
13 5526 
3130 2241 
4944 3048 
2280 3206 
2846 1454 
2838 2106 
692 2556 
4282 2145 
4195 5593 
5770 3558 
3032 5561 
3492 138 
3578 827 
4787 3613 
1604 4225 
4149 526 
2165 2161 
4629 5303 
2674 1546 
1431 5952 
3955 4200 
3046 2547 
5626 3303 
5156 2366 
1303 5103 
2607 1725 
3130 3300 
5534 4790 
2982 2014 
4213 4612 
2445 2713 
4458 2048 
1633 3832 
3226 1855 
2774 1637 
4630 3046 
2481 3536 
2115 1761 
3157 1821 
5579 5183 
5942 3112 
4369 3659 
4545 195 
5620 5868 
5743 2910 
5709 247 
2961 549 
863 599 
572 4846 
509 2338 
547 6134 
2151 2415 
5378 3032 
3524 4906 
4496 579 
1338 1858 
2856 3203 
3746 1693 
4116 1926 
3607 1883 
6073 3757 
5937 922 
3839 1177 
2115 470 
3488 4255 
4165 1587 
4423 4424 
5951 4200 
2375 853 
1846 3161 
3877 4225 
2784 5898 
5280 3080 
1730 5098 
1463 4047 
5125 4885 
2212 5352 
18 1344 
2297 2236 
2461 2646 
550 4047 
2893 5017 
5799 3459 
3751 1870 
4179 2553 
422 1497 
4095 4476 
2698 879 
2326 3211 
1801 4072 
1071 3938 
1075 3913 
1798 4317 
643 2767 
1047 2382 
5647 408 
1393 4133 
3692 151 
1281 5316 
673 5053 
493 2498 
5328 3778 
4887 5914 
2601 2880 
2624 1144 
42 934 
474 3615 
5087 1182 
552 5580 
4894 1963 
1251 3052 
717 1743 
5908 4984 
5413 2932 
2893 5521 
4786 5516 
5982 4276 
6144 4387 
4297 2673 
4087 5074 
2991 3462 
4009 1881 
3954 4241 
1459 692 
2789 4962 
3585 4762 
4464 2188 
2800 2556 
4499 5581 
1203 3088 
372 4518 
3592 1538 
5820 4215 
1520 4801 
5770 5243 
516 3100 
4911 4811 
5079 839 
1135 4940 
2544 2999 
1427 4943 
425 551 
4586 343 
970 4137 
5207 463 
5344 838 
3888 5532 
789 1164 
1869 443 
3363 5908 
2705 2897 
4113 5406 
3479 4109 
1820 3824 
5191 2684 
5132 4133 
1904 1628 
134 4466 
4814 2317 
386 4217 
5681 482 
5455 1 
1233 1870 
4928 3041 
4009 705 
2245 6030 
2418 800 
733 1278 
4525 3919 
5048 957 
4273 2540 
481 3505 
4271 5245 
5526 2222 
6111 931 
169 1418 
1052 1895 
3120 2175 
5503 3807 
5066 940 
2822 3003 
2477 673 
2179 422 
1187 2439 
386 4960 
5918 3116 
5456 2805 
2323 6118 
4049 5362 
3213 1823 
4988 3732 
1476 3681 
4173 4318 
3593 5974 
2402 2748 
2403 1423 
2719 909 
237 4071 
5358 3995 
1486 4351 
4886 5794 
500 1759 
348 1386 
1816 4281 
1177 4036 
4392 1781 
4456 3508 
2522 5671 
2007 467 
1944 483 
635 3673 
3052 5463 
3908 3592 
4251 952 
1098 1270 
1504 1743 
125 5312 
5358 3606 
3669 801 
4474 3994 
5476 5656 
3603 2897 
5686 5414 
5394 4904 
5379 3951 
1425 3205 
2950 3219 
5487 5717 
69 5708 
670 4040 
3961 5858 
4062 1097 
6119 1562 
2447 540 
2397 5895 
5057 2249 
2582 6128 
673 1753 
86 4386 
3948 3950 
5509 1955 
1634 2846 
1824 5415 
5589 4827 
4930 578 
3775 5127 
1779 3060 
1011 3200 
2461 696 
2989 2165 
2403 3954 
2476 1820 
1639 2984 
3387 1608 
5193 4258 
1227 5236 
1142 3798 
5572 5012 
1664 3567 
1893 15 
3019 5374 
1098 3767 
5640 5809 
2951 4164 
4703 4239 
2829 5065 
3378 5601 
5120 5722 
2602 4992 
596 2950 
5894 3189 
2840 4116 
3014 3661 
3021 1282 
550 213 
2200 3395 
4512 4669 
4721 628 
4830 3955 
973 4660 
4822 4143 
3857 1072 
261 2387 
2960 683 
5969 1300 
2065 3572 
1637 4076 
1235 3294 
3246 3384 
5613 2955 
14 2036 
3783 4320 
4569 2847 
3027 28 
6049 674 
2795 5554 
2446 3725 
3837 4247 
3553 4550 
5063 3079 
3930 4875 
1880 3045 
1376 1873 
449 338 
1978 952 
1094 2963 
2311 2001 
5170 4472 
45 861 
3241 4886 
3557 4109 
2226 1473 
140 218 
3530 4002 
4500 2076 
4191 2052 
6076 927 
1455 1654 
4095 3218 
5076 4670 
1659 3631 
5427 1389 
4228 1965 
5356 1652 
5213 4572 
1400 489 
5483 4980 
224 5806 
2014 2667 
3971 4435 
4546 3623 
3464 5555 
1608 283 
1716 5400 
2386 5132 
5525 5846 
3412 3720 
4036 6078 
3630 5922 
2167 5659 
2307 5488 
3860 1078 
526 5038 
4637 1456 
3146 4989 
1713 4593 
4913 505 
5717 4381 
3070 6040 
87 4157 
640 604 
5930 1312 
5171 2524 
4438 3276 
2176 3936 
3827 2767 
3252 4751 
3231 4702 
3836 836 
4570 4686 
5587 426 
3279 5213 
4697 4062 
5541 4430 
1431 642 
137 670 
2276 1652 
4840 5400 
3203 1659 
3031 1433 
5529 2032 
8 3608 
279 3468 
3055 1204 
302 2666 
24 925 
2154 5288 
3443 4837 
1741 1048 
4594 625 
895 4132 
21 5100 
2852 3546 
3765 4393 
1939 2958 
5422 4405 
1433 109 
4231 2540 
959 821 
718 5053 
4167 2659 
1040 4006 
5442 2180 
5176 2899 
654 2979 
5639 97 
3845 137 
5441 1757 
565 4086 
1357 1142 
4191 1107 
3262 4431 
4602 5958 
3364 2746 
2314 816 
4252 5352 
937 2678 
2466 4857 
3989 6021 
3701 1447 
247 2976 
3774 961 
4020 2831 
4371 5297 
616 4936 
3321 5693 
5437 905 
1094 5084 
4802 3590 
1065 9 
2810 1246 
4442 4055 
3111 1549 
4041 2388 
1149 1153 
1365 3469 
6086 2293 
2579 1435 
5044 2666 
3842 2559 
2616 4626 
1209 2684 
4584 446 
726 1114 
6046 3509 
5386 3416 
2521 3371 
562 154 
2055 4063 
4172 2603 
1049 2496 
3146 4751 
2504 171 
296 1863 
4165 2551 
2652 2048 
2250 4188 
1636 809 
5502 639 
2860 2771 
6063 5208 
1502 4248 
4850 2268 
4455 4266 
5534 3767 
6022 3546 
4170 4723 
5723 661 
80 4571 
1736 2087 
2982 564 
2801 3643 
4076 1327 
4874 2972 
441 2042 
1153 1477 
4813 3478 
5513 4090 
4914 54 
3130 4243 
3825 4131 
2413 5389 
1845 2291 
493 5606 
1430 1363 
3 2902 
368 4740 
6111 3429 
2744 2084 
5592 3588 
4610 571 
130 2535 
5180 154 
5895 4747 
5490 6114 
2409 3353 
2427 800 
3905 5760 
3837 495 
5595 12 
909 1230 
3865 5179 
563 1874 
5520 6142 
3187 30 
2038 3717 
4213 332 
6034 32 
2421 5234 
5503 3992 
3943 159 
5367 5049 
3531 3845 
3629 5644 
6147 3179 
4792 2858 
2644 848 
1127 1110 
2158 398 
2387 3964 
159 2345 
3978 2325 
3966 1968 
2821 2196 
1432 1206 
962 184 
2798 6047 
1834 3637 
2042 1536 
5834 1899 
5012 4752 
3417 3699 
2535 2218 
6095 2840 
3604 2102 
5200 1509 
4238 5762 
2377 5049 
5593 3663 
4702 5636 
1289 2896 
1041 4366 
5550 5642 
2440 3449 
1944 1227 
2266 3614 
4194 490 
3297 4122 
6020 4046 
3599 3531 
5903 3930 
4326 5256 
4848 4197 
1390 534 
4416 4580 
4148 5996 
4462 618 
2248 4549 
731 5545 
3147 1949 
6084 5237 
1844 767 
3179 1700 
2122 5512 
629 4221 
2223 1654 
3455 932 
5022 933 
372 3053 
722 5587 
864 4701 
1666 2025 
916 4257 
4309 29 
3356 3618 
5271 2409 
1893 2128 
2598 34 
307 5114 
5411 5933 
5312 4454 
4754 5293 
830 585 
4163 2601 
3891 2848 
5305 2720 
756 1249 
833 5564 
4555 4869 
3713 2599 
1771 3222 
4622 3613 
6098 4278 
3822 2415 
2302 103 
2876 6066 
106 3497 
4589 4857 
541 4210 
2641 5118 
2648 5035 
4101 3053 
1301 5558 
4956 900 
3317 331 
5464 2362 
165 3957 
2928 4759 
3472 5763 
4548 4124 
1478 942 
3077 5560 
6138 3252 
3360 4848 
3392 2697 
574 2642 
1400 3128 
2319 2551 
1735 2425 
5378 299 
97 605 
6020 5982 
1934 3571 
1150 5182 
761 1065 
4386 3479 
2318 2394 
4834 716 
4088 4031 
3672 1291 
726 4854 
4695 854 
5272 4265 
4317 2649 
5531 4314 
5219 5647 
5931 1013 
538 4463 
47 5172 
980 5666 
4694 3471 
2268 3114 
2266 4409 
2748 5428 
4410 138 
1636 3297 
144 29 
35 1878 
4238 3592 
6043 106 
3061 5949 
586 2881 
3019 108 
6087 1283 
2947 6101 
1606 5514 
5788 4888 
2500 3749 
541 6121 
2789 4346 
1063 4844 
2343 3496 
1164 27 
1786 3761 
2397 4994 
5490 4405 
455 452 
2742 5488 
125 3865 
2960 1175 
4252 5300 
4132 5569 
3580 631 
2805 3095 
5713 2403 
3202 24 
5735 278 
3186 1375 
4176 3042 
3709 5798 
5516 1051 
3680 6147 
3898 5382 
5913 1948 
2932 1013 
2696 1669 
3504 1594 
4379 170 
4496 4763 
1024 3814 
86 5286 
370 706 
3123 2972 
232 165 
1027 4201 
3422 5141 
1117 3084 
41 465 
1909 2848 
773 3136 
4671 3306 
3557 5641 
1816 3581 
867 2483 
794 5374 
4819 4343 
3287 5532 
3040 5535 
4193 2336 
1609 1845 
402 2589 
1116 1612 
3468 3206 
2592 3749 
2344 6145 
2309 19 
3715 2106 
1743 5322 
3702 1484 
3015 397 
5898 3689 
3873 4446 
3792 5252 
5555 4637 
2140 2678 
3438 1684 
2243 5909 
5699 613 
2935 5544 
3038 1970 
1047 2150 
3342 4192 
4563 4769 
1529 721 
2155 5519 
555 4568 
1088 1725 
5996 1446 
4292 2249 
4849 2231 
2796 4672 
3243 937 
4648 4067 
1024 5580 
5533 3778 
27 5814 
3785 5565 
2930 3222 
2636 979 
19 517 
4182 4671 
740 1166 
2720 2612 
119 5915 
5574 891 
888 474 
3390 506 
3099 3205 
1734 4868 
754 1050 
1627 5601 
1377 5173 
2659 930 
2171 3175 
2182 1881 
5635 3567 
2199 5720 
5227 2264 
5628 4751 
3386 2588 
6031 4731 
3823 2338 
5437 959 
4321 3610 
5252 5880 
4738 5412 
5326 5630 
4422 5831 
4296 5194 
1785 2610 
1528 2671 
136 435 
4273 586 
8 2575 
2548 1356 
5168 2802 
561 4004 
3670 802 
212 3179 
409 2379 
5369 4241 
5939 2633 
5194 3816 
2839 1531 
1951 161 
1634 3094 
4732 3674 
2877 4231 
5932 5939 
2897 2890 
1065 3364 
6146 714 
1247 6073 
3776 2641 
2274 1775 
2376 4686 
5362 3098 
3242 779 
2278 385 
2694 3272 
5326 1895 
943 1559 
4925 2196 
1742 4082 
1742 2209 
3862 1059 
4850 3509 
5274 5473 
2742 2377 
4812 1438 
4974 6071 
3394 1489 
5473 2422 
5595 5079 
3759 5166 
794 1908 
2886 1801 
1608 2092 
4453 1449 
5864 4745 
2839 1540 
771 3842 
3382 3771 
2782 2943 
5349 4494 
2380 931 
4695 289 
4925 2636 
1819 3903 
1740 4901 
3191 3522 
1299 3655 
4012 1863 
3750 5833 
5057 5361 
3623 2247 
2399 4623 
5078 3286 
2702 2752 
5105 3200 
4125 1967 
4051 3164 
1512 3556 
5822 5761 
3497 914 
60 5057 
1701 4407 
4172 2205 
136 5533 
637 2758 
4183 667 
2198 2632 
5250 2775 
2229 3955 
1696 5706 
745 4845 
4298 5707 
5034 5630 
2791 3833 
1966 4411 
875 6067 
20 857 
881 6045 
5279 1352 
5110 4226 
5964 866 
2396 3351 
2842 3679 
3674 4959 
14 1026 
2963 4350 
2462 4449 
1173 4448 
1324 1635 
3502 2701 
5012 593 
5785 3148 
3628 4038 
3859 4697 
4965 2744 
167 242 
4788 1905 
5139 802 
3134 114 
990 4431 
4104 5891 
5969 1803 
1393 779 
4016 2949 
5253 2104 
4629 2464 
1560 2040 
4411 3841 
5479 3565 
2828 5678 
32 1686 
3452 2799 
1432 688 
3486 5194 
5779 482 
845 4096 
3209 1 
209 57 
3411 4268 
3883 5744 
5896 4853 
3993 4739 
4833 1980 
1648 5568 
658 1941 
2178 2797 
5570 840 
1431 1761 
1780 308 
2651 4244 
229 5458 
1609 3984 
5021 4689 
341 3023 
2266 494 
2915 2663 
2274 466 
611 2297 
3050 706 
5331 1458 
4609 810 
3211 2119 
209 5058 
5264 4246 
3050 5318 
3584 3557 
3164 749 
1486 3820 
1678 1750 
2156 1504 
2772 1193 
4947 2215 
5276 1458 
4008 3455 
4157 2684 
5886 1266 
2062 5657 
3609 2601 
371 2739 
998 3405 
1567 3055 
3145 1441 
5067 3976 
3527 3060 
2904 4223 
2748 5872 
4094 113 
3251 3552 
750 3292 
2502 4227 
2684 1363 
4152 87 
2206 5436 
4102 5238 
5810 1029 
3946 5425 
4329 3711 
5493 5592 
4406 3152 
976 1350 
411 4053 
5192 5707 
5251 1723 
3252 2270 
2611 1170 
1466 5274 
5723 5525 
694 3646 
1223 1653 
830 1243 
5054 1375 
3832 4072 
5646 1475 
1049 2711 
218 3060 
5358 5111 
831 1508 
5740 5502 
2658 2013 
3501 3503 
102 5915 
2301 5734 
2992 3601 
4804 2143 
3998 1408 
2372 3030 
2443 6116 
6054 5306 
3318 4190 
2979 1977 
3229 1226 
1176 4810 
3104 3426 
736 280 
2550 1061 
5924 2500 
2187 6141 
1939 4368 
955 3973 
1831 978 
4303 3979 
4468 3527 
3012 1541 
3363 4911 
5898 3150 
915 4703 
1492 1311 
3779 4721 
5528 468 
3622 5590 
739 4446 
4945 3100 
1339 204 
2042 4129 
5591 1757 
1285 1581 
5919 648 
2190 2550 
3263 843 
1620 2100 
1277 352 
4849 4244 
1337 114 
5527 2761 
5710 2119 
5574 419 
3149 1767 
766 1283 
5605 3175 
5350 4040 
4243 1708 
1051 5688 
2149 3428 
2126 3783 
44 1860 
242 5390 
2596 2266 
643 4826 
524 1162 
4627 1570 
4658 1664 
6141 4315 
175 5278 
2181 2437 
1666 5310 
761 6033 
3756 4097 
1823 718 
3545 3826 
5658 5665 
3302 1832 
2689 5553 
309 2123 
3222 2341 
3429 2138 
1526 905 
5885 281 
4920 1725 
5257 6079 
2069 2357 
5563 127 
2328 3716 
446 5686 
5631 5551 
3899 3076 
5436 4377 
5189 5613 
3745 3955 
4259 74 
1949 4364 
3883 5841 
1325 1740 
643 445 
1840 3253 
4872 1755 
4491 5962 
1228 2402 
5315 909 
5470 4223 
5831 5921 
2007 1547 
2291 3164 
4720 5445 
5831 1135 
2866 5805 
30 3904 
3432 3218 
4720 980 
3290 451 
5371 4780 
1086 1792 
3656 3278 
5984 2480 
2310 4527 
4028 6082 
4160 3765 
2001 2436 
2670 2818 
4059 4464 
5078 5458 
1267 5802 
2666 5081 
383 162 
838 477 
760 2482 
3300 1953 
4101 5992 
1861 965 
5236 4007 
1049 1550 
1660 1632 
3204 5905 
5640 4102 
3737 4265 
5257 5422 
6148 1040 
5271 2491 
4851 4921 
3467 2090 
871 216 
4163 755 
4863 3687 
1097 1449 
4322 3074 
3467 887 
1530 2855 
3783 5276 
1616 4665 
2420 3670 
538 6086 
4386 2665 
5834 3869 
4295 990 
2797 3649 
54 1927 
621 4653 
1893 2798 
1652 5001 
614 1332 
141 5242 
2298 78 
2204 4230 
1106 1599 
45 2131 
2055 4423 
5140 460 
988 263 
1340 558 
5395 1779 
5306 1898 
5976 100 
15 4142 
4868 3382 
4826 2343 
2510 1466 
2396 4682 
1259 2724 
5687 2580 
4564 2277 
3030 3019 
1847 12 
2719 713 
5535 1624 
5870 1625 
3286 5573 
3512 5741 
2278 3307 
2982 5181 
2150 6142 
4821 5562 
4041 4980 
5635 4299 
3566 2078 
5652 5293 
891 1547 
3114 2112 
1810 4011 
2841 1959 
1429 5719 
6024 3553 
3925 2241 
1533 4940 
5889 1606 
3964 4251 
5762 3488 
2295 2788 
5311 3456 
6135 5440 
5665 1931 
3653 1882 
3875 5915 
634 2653 
3982 4571 
6060 116 
4712 5004 
3447 5344 
3496 4347 
5554 1192 
649 5969 
5386 5119 
2170 3856 
3231 5249 
3514 4117 
3022 301 
6017 5748 
5735 1869 
727 3587 
3807 629 
4677 139 
5945 5788 
4694 3583 
3421 3521 
2706 2472 
2793 3152 
4025 4987 
3858 1755 
5630 3751 
4529 4854 
3932 2519 
3979 5925 
1942 689 
847 2935 
3138 383 
2979 1390 
81 2941 
5126 5424 
5710 2083 
2459 4472 
4903 3144 
671 472 
3507 3388 
5523 2017 
506 5181 
3551 1354 
4692 826 
2322 2126 
2753 5174 
1168 4856 
4268 2433 
2332 610 
2030 4961 
3298 4405 
38 108 
3140 167 
4071 2618 
3422 515 
3463 3493 
6110 2736 
3093 2604 
4685 3221 
4441 1961 
5850 4147 
3398 786 
5987 3292 
397 2042 
1739 329 
2705 2640 
2650 3028 
2197 1424 
3535 1877 
5667 4255 
4352 4647 
2156 5147 
4888 2867 
2972 5931 
1418 1101 
561 5370 
970 4486 
822 1246 
2190 5219 
4958 4093 
5115 1909 
3261 5574 
1118 2224 
1899 3571 
361 5325 
2401 2915 
4002 2781 
4222 1190 
4135 3895 
3887 3014 
3210 832 
5018 5985 
5326 4437 
3454 289 
1961 5274 
4448 4952 
574 1363 
4759 569 
5156 745 
3211 1079 
3035 2869 
67 1771 
4452 565 
4655 5205 
5574 4571 
3810 2036 
430 3682 
1214 2179 
5961 407 
5998 3861 
2089 994 
2028 3702 
5488 3366 
3010 380 
2159 938 
5539 1091 
1681 5862 
2401 1745 
1287 249 
705 2142 
2816 5730 
633 148 
3795 2002 
1566 4097 
1659 4649 
4596 3762 
959 2821 
3093 1854 
3286 2406 
4073 4068 
84 6021 
238 3844 
5602 79 
3269 1038 
2033 1114 
956 613 
5479 5606 
941 2614 
1649 2233 
3023 1832 
2716 3816 
4692 278 
3781 1386 
5961 2130 
4117 2745 
4035 4233 
1121 419 
1404 2391 
5371 4294 
5415 1248 
1199 5033 
3100 391 
4711 4212 
4184 4314 
2350 5972 
3140 4622 
5666 4008 
642 5048 
324 1770 
1942 3298 
2459 2625 
5850 5760 
3698 5063 
479 4565 
473 2222 
3216 482 
5363 2952 
4934 5181 
3975 2229 
3391 4287 
791 4046 
2749 2611 
3221 4223 
1254 2402 
1977 6043 
1920 3239 
5960 4248 
3923 3651 
4023 2513 
4900 2278 
3952 4645 
3691 988 
2432 2684 
3442 656 
2492 4000 
5084 2927 
6026 2991 
1493 2916 
3278 1996 
2907 2801 
636 4315 
1509 3187 
5394 1008 
4771 2840 
5230 558 
5907 5885 
3798 3983 
2078 5621 
5481 999 
2510 2882 
2733 4677 
518 795 
771 2934 
1326 3991 
4377 309 
4794 3248 
4766 3074 
4050 1531 
1767 1574 
200 2628 
5042 5308 
3036 237 
3050 1758 
652 3927 
1940 1343 
1665 1955 
4026 1436 
313 5588 
331 1994 
5772 419 
1429 3697 
1819 2410 
1165 2256 
1350 3212 
4161 4050 
1629 3487 
3390 3570 
496 970 
1332 1274 
758 5020 
1059 6122 
946 193 
1145 2526 
2849 4505 
618 2379 
130 4039 
1139 1277 
1913 5182 
920 4951 
508 4887 
215 3953 
4493 3301 
1796 4700 
1717 1941 
5684 2799 
1924 324 
5235 3728 
2606 3534 
21 4124 
4434 2894 
3566 5030 
1795 2691 
4152 1270 
2080 381 
3916 1585 
4184 5457 
6139 3200 
4581 1883 
5772 3064 
2920 4712 
4251 3511 
2900 3019 
4266 367 
2426 1837 
5217 3592 
2852 1641 
1990 2877 
705 1195 
244 3584 
3153 1273 
5863 5497 
5854 3657 
5359 2532 
3366 5220 
4583 143 
1273 6129 
4097 2128 
2562 1450 
1638 1087 
2264 3962 
4608 1828 
3208 3937 
4808 726 
1740 4999 
629 876 
1706 4861 
427 2039 
1193 4217 
315 2565 
4826 1503 
727 3044 
2028 3166 
1327 5033 
3213 5177 
4590 4506 
2530 647 
1408 2248 
2043 911 
1260 3783 
5374 5060 
1319 1352 
1677 1465 
2194 3506 
4684 681 
4177 3617 
3701 689 
4324 4284 
22 3902 
4809 3347 
2533 2019 
3796 2068 
2637 2706 
2031 5598 
2643 3973 
4177 5328 
1731 5414 
3311 2682 
940 4110 
2289 1683 
1646 1805 
4845 4328 
1186 2836 
2972 1553 
93 3460 
1468 70 
5066 992 
3595 5338 
4900 5241 
1289 4531 
3728 2605 
5525 5879 
4860 943 
4988 2116 
2199 2563 
3238 4744 
2789 2133 
4271 2456 
1384 1245 
5860 357 
2433 4253 
707 1946 
2362 4760 
3640 4171 
3021 4459 
2526 1108 
3378 3912 
3620 4940 
888 2215 
5711 646 
916 5388 
2937 4499 
4650 5091 
6040 5411 
3615 810 
4963 5395 
1942 3191 
5644 5083 
3329 5151 
3301 4559 
672 5046 
318 5059 
141 3806 
3481 2043 
5933 5841 
5171 4023 
65 3404 
1233 5334 
2264 5851 
1732 5578 
4335 3402 
961 4945 
3896 3717 
2337 5051 
3876 929 
366 751 
721 5460 
4938 252 
3092 4727 
1062 4270 
1978 5469 
514 4071 
5964 1200 
4845 1133 
3703 4628 
343 5240 
5162 4839 
5576 3797 
3086 2564 
1108 1868 
725 5352 
5771 1187 
6092 2010 
3310 1639 
1399 2999 
5091 3867 
4025 3670 
4518 2896 
5509 923 
4077 613 
53 20 
3672 3335 
3461 483 
3033 5666 
1047 5249 
773 5901 
1282 6098 
3298 5245 
3407 153 
2184 3802 
2303 3194 
5077 5459 
1903 193 
701 3033 
6008 5670 
3811 5207 
1040 2421 
491 1875 
1788 5523 
1397 5884 
1163 2462 
3811 4280 
5368 3055 
1168 747 
123 1413 
2787 2992 
3582 94 
4061 3083 
5024 4992 
854 5817 
4482 2609 
6071 3179 
326 425 
4796 1292 
1578 141 
3645 3556 
383 3881 
144 5726 
3779 3519 
1830 297 
4401 755 
2603 1011 
1681 221 
284 1339 
647 4890 
720 1945 
3050 3162 
1165 2438 
6078 3529 
5490 3072 
5160 3534 
4188 1447 
2107 201 
5072 2018 
1709 749 
401 4472 
5115 5510 
3571 1006 
5959 1206 
4919 3786 
1389 1014 
3189 1865 
6094 3823 
2209 2367 
800 5281 
3640 1144 
3056 4876 
1378 2335 
4244 3924 
469 3295 
5019 1838 
742 2551 
3875 1917 
3569 5138 
2045 200 
3363 2585 
1530 3905 
3197 5288 
938 4421 
3123 2255 
4032 4671 
4026 5541 
5265 2261 
4775 5201 
351 2953 
2366 1174 
5163 4954 
5281 2819 
559 829 
4154 2727 
4584 3002 
4039 3668 
3117 194 
3914 144 
3105 948 
4594 2690 
5775 5997 
3068 620 
818 4767 
6120 5966 
444 4896 
5899 5095 
1560 189 
3433 225 
4678 4882 
638 297 
3257 692 
2952 1595 
2655 3299 
4596 1797 
428 1500 
4612 641 
202 4990 
5012 4704 
1126 2356 
3761 3620 
740 4382 
2740 5245 
5599 360 
730 2665 
417 5984 
5705 4561 
1851 653 
2820 2396 
2718 2514 
2310 1078 
1752 27 
3321 3617 
2308 4505 
2963 1027 
3271 1552 
5100 4132 
3157 5613 
3638 2062 
1013 5376 
2425 3128 
558 524 
5266 2896 
1274 4240 
696 2289 
3033 2211 
541 2182 
3490 5495 
4013 1053 
331 4186 
4568 6028 
5523 4558 
6111 491 
5429 5169 
669 5255 
5720 1202 
1684 5027 
5007 4910 
5377 1573 
1797 6140 
3116 2182 
3166 681 
4199 4386 
1090 1129 
5651 4752 
4330 4941 
3048 5980 
284 3395 
1 5829 
1653 3473 
2445 3317 
1894 2876 
424 5508 
3357 193 
2471 1126 
2077 410 
236 2926 
5923 3767 
1706 1871 
307 3522 
1473 527 
2293 1465 
2480 2974 
4295 4811 
628 3615 
5629 1350 
5056 5929 
4481 5212 
3740 964 
3284 4492 
1019 2373 
484 1603 
3482 655 
3852 4838 
4250 1203 
1647 5027 
4320 4157 
437 220 
4905 667 
49 2288 
4111 3076 
5702 139 
2051 5272 
769 4645 
4451 2601 
4235 5203 
384 2771 
1580 6131 
3800 3057 
4636 2835 
3643 5476 
3501 2355 
5674 6005 
713 687 
6144 5378 
2964 4647 
4688 3460 
3694 753 
1928 4581 
2457 641 
4886 2120 
2912 5897 
1612 2502 
985 4177 
5903 2026 
5080 3690 
4406 552 
2300 3423 
4492 6038 
3478 4179 
1284 5639 
2791 2384 
680 887 
4204 2850 
1874 4995 
5822 3620 
5773 3610 
5257 652 
3339 5171 
4756 571 
4391 5213 
831 354 
864 2029 
2214 4773 
2152 5363 
3548 2556 
5898 833 
1558 3730 
4213 265 
1919 3191 
1807 1943 
2981 2468 
3496 3359 
4580 3320 
4227 1858 
981 652 
5698 3751 
1753 1633 
5758 4493 
5486 4226 
2081 2828 
5996 4929 
3643 4429 
305 2209 
5487 3872 
2218 577 
1892 3994 
6118 1387 
3651 2932 
5397 4893 
5855 147 
5776 3747 
1098 1419 
577 5603 
5916 4257 
2490 1551 
1617 2994 
5981 4806 
5996 1293 
5278 1288 
73 5963 
5465 4573 
105 4624 
2502 3397 
3810 3379 
3706 5786 
1551 3644 
2942 4188 
2647 402 
5906 1828 
3859 5692 
2236 4572 
5369 4944 
5263 3462 
857 6108 
980 609 
482 3214 
1876 5489 
1209 3118 
5715 873 
5767 2473 
5697 558 
2406 4772 
6040 4997 
3802 3984 
1591 2683 
1558 1631 
210 4720 
2173 3229 
139 4723 
1307 6055 
5249 4583 
4804 5195 
2235 1261 
5726 3454 
81 5452 
2488 690 
4832 5026 
4595 5981 
6136 5773 
963 389 
2006 2714 
5457 2326 
3766 3303 
3797 2907 
2458 5633 
2671 557 
4912 2264 
1710 2928 
1831 5368 
4125 5498 
1295 3581 
5263 1532 
2604 5345 
1446 4522 
3650 2040 
1419 5273 
1081 6038 
571 5010 
4516 5703 
6066 5349 
5333 3618 
909 3703 
3489 3143 
5694 5508 
1942 1176 
3355 1885 
2281 5554 
3065 704 
199 5134 
5181 3405 
3582 5445 
4827 4535 
4022 5205 
2323 506 
176 1513 
4353 3019 
2848 2543 
1521 3096 
1396 1312 
900 5813 
3487 2619 
3676 2321 
2411 5746 
2840 5321 
3259 1523 
1781 535 
4878 2757 
5780 609 
2554 2874 
3459 545 
3714 1682 
550 5806 
3469 4119 
3579 1088 
2163 2660 
4590 1657 
5044 3992 
5015 1637 
5424 5177 
3340 4061 
2908 3182 
4581 1603 
3499 4477 
3411 4045 
1421 4333 
4296 115 
4131 1652 
881 570 
6067 3268 
316 1008 
2571 1822 
2556 5360 
4458 2213 
5351 4502 
1099 2017 
891 4468 
2199 3699 
273 298 
4967 2293 
4895 3282 
253 273 
4019 4970 
3669 693 
84 1897 
120 4270 
6004 3692 
2622 3279 
5766 6117 
93 1706 
1447 785 
1834 628 
3037 744 
4828 3501 
1607 5354 
603 1894 
5285 5934 
3487 3639 
3134 1297 
317 2510 
5960 4948 
1628 3517 
3697 993 
4050 3440 
3982 1510 
3221 4166 
5926 4743 
2393 4603 
2904 1739 
2843 1808 
4618 5600 
3242 3192 
5613 867 
3842 476 
3041 2614 
3245 6054 
3455 4796 
6016 2751 
2352 4885 
4213 4107 
3656 517 
900 5208 
84 1055 
4685 2218 
5213 2630 
5822 2402 
5048 1546 
4086 993 
4042 221 
2162 2230 
907 5172 
742 3221 
5650 5739 
1465 3221 
2126 3673 
1387 4533 
3407 2741 
1609 2665 
1615 1724 
3699 506 
1201 5229 
1185 2732 
561 6087 
1255 5025 
3017 3599 
1422 2647 
5481 16 
5211 1543 
5720 2203 
5891 2382 
2385 1399 
2118 2731 
4341 2503 
5966 4079 
2440 2593 
1224 1983 
2377 682 
2947 3015 
3143 2812 
1629 1943 
3096 2667 
5016 4445 
4046 772 
4283 640 
4438 325 
540 3107 
1707 1416 
2585 2026 
4511 1752 
5790 3892 
778 5541 
613 5308 
4369 1941 
1225 2706 
4356 582 
3037 3331 
254 4108 
3479 2174 
439 3394 
2730 774 
1975 5030 
2512 403 
4103 1973 
2762 3440 
5760 3512 
3349 3030 
3678 397 
57 4945 
937 1228 
2789 1018 
760 5623 
4469 1040 
5360 6012 
2429 4886 
4194 1492 
4261 2503 
1354 1667 
5017 4608 
4382 3086 
1469 698 
2694 4396 
4861 3737 
527 1804 
292 5932 
4164 4148 
2371 3582 
4167 2693 
4694 1113 
2509 2836 
853 481 
5594 1471 
4590 2198 
1611 3974 
1055 2608 
4401 1864 
5200 2119 
2355 3852 
2825 2897 
5754 673 
4722 2592 
94 5476 
848 202 
2925 4440 
1295 860 
3346 3058 
2801 4024 
4393 599 
3556 2370 
3054 2059 
4478 2580 
322 2707 
3241 36 
4037 5065 
713 2993 
2541 1398 
1589 3754 
3665 3889 
5871 2949 
4132 3573 
6001 2402 
2672 6031 
2119 724 
5504 3222 
1007 4008 
6028 6140 
2665 2715 
2997 4810 
3703 5586 
4077 1888 
3873 3203 
3321 2809 
5126 5350 
2385 2057 
4627 4227 
3914 2102 
2034 2727 
2523 5814 
2138 5776 
4713 1409 
905 114 
4740 678 
4607 5902 
2418 4846 
4307 91 
1872 5457 
1035 1152 
5409 5364 
5216 1115 
3574 4700 
2773 1999 
1261 5120 
4042 1805 
5502 3427 
2032 880 
1254 2194 
2523 1453 
2619 3613 
4439 3371 
5592 71 
3897 1808 
3851 2353 
60 5314 
2028 15 
5436 1058 
3907 550 
509 911 
120 3173 
5178 3877 
3254 2263 
5755 5061 
5252 3694 
1461 1441 
294 5904 
4182 5270 
5181 2739 
1732 4276 
156 5193 
5919 51 
685 7 
1892 3742 
1210 3228 
1045 1482 
1252 2587 
3694 1058 
2339 466 
65 3997 
1152 3784 
4095 2582 
3294 5234 
3097 780 
3034 5547 
4572 5603 
2668 4814 
3698 3898 
3656 5422 
4155 342 
1680 3 
1227 4965 
3727 3880 
1881 4228 
1037 1271 
1898 2852 
1984 1301 
2239 5176 
2129 637 
3284 4486 
3866 2089 
2179 4249 
5482 145 
2407 4539 
998 4702 
2437 3515 
3251 6125 
998 6143 
4191 4232 
5818 740 
562 2886 
3733 2267 
1285 2185 
1158 51 
1697 7 
6049 2518 
1767 426 
801 4079 
3639 2523 
608 4297 
1474 1329 
5181 6053 
1323 2014 
1939 253 
5392 713 
3614 2854 
4298 873 
2217 3548 
2857 2591 
2936 5573 
571 377 
3503 357 
186 1425 
3758 5208 
1232 1855 
3417 1393 
3077 1077 
4488 5700 
6088 2963 
1637 5563 
2450 4589 
3614 1423 
5665 4828 
1399 4002 
1624 3748 
871 3398 
678 1788 
4329 2494 
3366 1425 
6035 1228 
2944 2804 
411 1510 
5786 4373 
5748 5642 
1468 4282 
732 4528 
305 3254 
935 2235 
4559 1452 
5860 2324 
3874 882 
4855 2603 
793 2825 
4107 5366 
2761 848 
1561 4639 
1374 4500 
551 6135 
4752 5916 
4622 220 
2685 1885 
2550 4643 
2113 2867 
2762 3721 
5527 1212 
5858 5416 
4537 1468 
1474 3738 
3370 4365 
4034 5250 
6022 1175 
1326 4705 
5600 4549 
1321 205 
3697 5895 
3489 1502 
1217 6031 
477 5607 
2426 2107 
3377 975 
3174 5281 
337 5468 
5185 4345 
3928 780 
374 1345 
1986 1058 
1667 3670 
5089 4189 
3962 2094 
1802 5939 
821 3703 
3599 2803 
2583 5508 
1249 3668 
4901 2983 
307 2744 
5680 5166 
1121 3709 
1014 3603 
3678 5761 
5500 4043 
5346 4450 
5316 3015 
2655 5091 
1060 3353 
1958 2447 
5690 2288 
2185 5894 
1705 3881 
4562 2738 
3927 967 
2384 693 
1664 3656 
3971 2081 
372 294 
3837 2191 
920 4860 
5070 1547 
378 4668 
2426 805 
1421 5167 
4024 3886 
5993 4291 
799 5592 
4462 2057 
6116 346 
1217 3463 
1978 5174 
2964 41 
824 4072 
6059 674 
1308 4371 
2988 5789 
2054 2360 
4099 3774 
4940 2152 
1048 4455 
3151 3020 
4802 3509 
4329 4760 
2898 5137 
6120 3557 
2271 1770 
2799 441 
371 3102 
3267 464 
5887 1980 
5778 3794 
3055 1704 
5364 414 
268 4983 
4024 721 
4546 392 
3503 618 
5574 1316 
1024 3402 
536 4825 
2303 33 
2749 3330 
4734 2569 
724 6115 
4144 1639 
366 5650 
3836 4653 
221 4648 
1904 1353 
3377 4694 
2671 1366 
5398 3804 
1000 713 
5077 3393 
160 4448 
3030 4617 
1718 3601 
5167 364 
3858 5341 
3712 2364 
1089 4041 
1630 3502 
736 1313 
5533 1138 
3463 6008 
2808 3049 
4202 3157 
29 4982 
2297 4800 
5110 419 
1210 2004 
1326 3001 
4557 1346 
3660 2887 
3939 4148 
1991 2293 
5988 2374 
3119 4742 
4471 2366 
3078 4658 
4747 3866 
6016 3671 
2199 3493 
2784 3162 
1836 6090 
1137 2547 
1312 2426 
2791 2877 
3736 2189 
1264 3168 
2832 5621 
1794 4077 
1970 226 
2562 5132 
4021 751 
483 5105 
254 4769 
5331 33 
4779 3459 
1286 6118 
2428 2150 
4305 5234 
4114 6073 
1035 3364 
5879 2895 
746 614 
1003 746 
3812 1765 
4117 753 
3368 559 
5572 4312 
3784 1164 
5199 2080 
4805 3874 
2874 4021 
3374 3778 
3170 3738 
803 2771 
4370 5990 
5282 179 
2100 4491 
1054 3193 
3133 1014 
5525 1253 
3455 141 
3969 454 
492 3714 
2141 4855 
1608 5506 
3241 3748 
1204 1249 
2957 4676 
263 1426 
5325 4216 
5924 5960 
2171 737 
1780 5284 
2651 4759 
3322 5843 
985 561 
713 2077 
5415 4115 
1471 4815 
5235 4960 
2074 1212 
5716 4227 
3496 2762 
3176 737 
4902 3377 
2302 3608 
2439 2241 
309 5338 
2554 419 
6074 1955 
218 4716 
2895 3175 
875 4156 
1060 3369 
5797 4523 
4674 4489 
5514 3986 
2019 5365 
6050 2853 
1163 4089 
2780 1594 
3261 3937 
2938 3484 
4282 5709 
3009 4309 
603 3329 
4400 1139 
5521 1390 
1455 256 
5547 1595 
5597 3420 
1556 5136 
5234 451 
2309 1433 
1423 3373 
5217 805 
570 206 
2346 1161 
2781 2007 
2141 4235 
2678 3032 
109 3546 
3529 4651 
4200 2134 
1155 799 
1435 4912 
2454 5954 
4717 5278 
2112 2606 
91 2580 
1617 2307 
4416 3438 
3520 4304 
996 5122 
5845 2125 
390 287 
159 1462 
61 2494 
4027 1436 
1612 2200 
5668 4034 
746 1453 
5228 2530 
4679 2901 
2803 4011 
1811 6012 
4009 634 
1260 3814 
3536 393 
5179 1542 
1015 3911 
6026 2688 
2018 2482 
5006 4081 
5149 191 
4227 1283 
2559 4367 
4232 1035 
3043 3984 
5743 1943 
906 4261 
1381 4310 
3862 2856 
2044 532 
4521 2402 
1476 5969 
5328 3325 
3932 532 
912 1361 
776 1643 
4927 5534 
2273 2260 
5222 6012 
2062 1721 
6019 2476 
5455 6112 
418 5094 
5872 1876 
4485 4561 
364 3810 
2917 1310 
5999 1466 
266 5812 
4318 4676 
2645 3214 
1898 5038 
1908 3944 
201 5539 
5552 2636 
2453 356 
3138 2121 
3145 5160 
6001 5439 
3175 3908 
5789 2281 
4317 5705 
1560 2182 
491 6141 
5270 5367 
5848 3819 
321 379 
2224 3640 
4815 3773 
5741 942 
3804 3178 
3386 2407 
3917 3822 
1773 2380 
2156 1717 
160 1840 
2886 4073 
532 2842 
1556 3043 
1180 3862 
685 4873 
938 1952 
5042 3517 
4056 5040 
636 1094 
2011 3614 
3505 6053 
5188 6063 
1028 2802 
338 5522 
4724 1080 
930 2073 
5795 6070 
2986 533 
2329 2847 
6105 1246 
5870 3122 
4709 5424 
4155 272 
4413 1390 
686 5787 
4772 3311 
938 236 
3778 1598 
63 5204 
2568 3504 
3028 5268 
4843 5406 
2614 993 
4894 3679 
3253 4971 
3972 1579 
3976 3312 
4396 1278 
1555 19 
473 4437 
2854 4137 
3229 4200 
5049 2912 
1041 4573 
4390 2105 
29 2395 
5072 2651 
5448 3950 
5430 3884 
3983 1863 
1429 4036 
2823 2579 
5156 2824 
903 3748 
2011 66 
1940 5401 
1900 2145 
2659 4269 
564 1045 
203 271 
473 2056 
1075 3714 
2448 4510 
4616 2433 
2006 3986 
4257 784 
5938 91 
1708 5780 
837 886 
6125 528 
4321 6011 
5973 1751 
1264 1764 
3603 1325 
6069 506 
2575 3059 
2784 578 
1482 5825 
647 4231 
5953 4948 
4195 3127 
1117 2297 
4988 62 
5691 2153 
688 2213 
1318 39 
1993 4116 
936 185 
3365 464 
4481 4271 
5324 2419 
5399 760 
5213 979 
1901 3774 
3126 3184 
4973 1934 
627 1860 
5589 1069 
5771 5444 
929 2190 
1153 6034 
2859 316 
450 1641 
865 2139 
5428 2512 
4337 316 
1897 3201 
576 1353 
984 1622 
5847 3034 
3430 728 
2586 5759 
400 372 
2634 5548 
256 1084 
1428 2244 
1691 1748 
4644 3368 
5140 5557 
1253 1811 
5298 1751 
1144 612 
1645 4935 
4768 4537 
131 4286 
1687 2682 
4866 5757 
3596 4720 
1186 3309 
195 3311 
138 1350 
3256 3524 
5748 297 
1415 1191 
5085 2154 
2442 2769 
4697 1903 
3811 2636 
1272 4623 
5229 318 
5259 4493 
2169 851 
1483 5265 
1205 4335 
3356 5506 
826 904 
4859 3766 
1388 2222 
2359 4851 
348 4701 
3390 3819 
12 4748 
5523 2203 
3647 2956 
1290 3244 
5299 966 
808 170 
5401 32 
2523 1759 
2790 3570 
4683 3469 
798 438 
6021 5574 
4844 400 
5543 3826 
2922 2985 
306 1057 
724 2414 
3242 4633 
661 5815 
4567 1776 
2822 2971 
2895 2479 
3509 2012 
389 6044 
1360 5558 
3337 2020 
5317 4533 
5761 5106 
4493 618 
3156 3989 
2681 2662 
1594 515 
4593 5110 
5397 1749 
738 5580 
3670 801 
1847 3745 
5967 5046 
2033 4988 
4806 654 
4567 4373 
1258 3238 
5997 5134 
3615 501 
3008 746 
4223 4044 
5025 294 
550 3765 
3764 3128 
1410 2014 
4615 2877 
2211 2366 
4259 763 
3134 5869 
1737 1840 
2258 3627 
5305 25 
5248 2412 
2535 3868 
4383 4566 
1956 2535 
757 3293 
4093 4908 
4528 3550 
1120 5653 
2590 4025 
6088 450 
2750 4942 
456 1223 
5760 2055 
4568 420 
6048 4809 
70 5949 
2065 2320 
4155 4546 
732 5153 
4602 1411 
4969 2546 
5810 1031 
5190 4567 
5173 2184 
4246 1573 
1213 176 
2562 4363 
4989 1599 
875 3303 
1519 2989 
1712 2403 
1849 2647 
3597 237 
6061 1667 
1207 2575 
4112 4353 
3847 4261 
5266 5242 
3963 228 
1227 241 
6056 5391 
3437 1803 
2331 1253 
970 6137 
2860 3739 
1315 1661 
690 576 
521 4325 
4089 4628 
5245 2297 
359 2624 
5725 2165 
818 579 
4153 4784 
4208 5697 
3207 1721 
5639 1346 
2424 5403 
624 1694 
4177 908 
1157 46 
617 2624 
3717 4497 
1543 2898 
1510 3015 
6020 4152 
5716 632 
5241 2719 
2990 6043 
1896 504 
4615 1122 
1974 1724 
71 3551 
5584 1865 
5430 2543 
3118 4857 
5472 3188 
5327 5975 
3188 6068 
936 5405 
1520 4795 
999 3893 
5930 91 
1676 192 
3343 2953 
4027 1367 
5845 5308 
2198 5730 
3213 2768 
1876 5199 
2065 4492 
354 4495 
926 336 
1916 6041 
1225 1676 
2923 4083 
1873 5944 
2683 5707 
1877 1020 
2249 3608 
3577 1915 
5054 298 
589 1000 
2942 5883 
3507 2534 
1468 2203 
1979 317 
2801 5670 
1642 1247 
326 5134 
2478 454 
1276 3944 
1167 2507 
2613 5136 
5139 780 
4747 5590 
738 2065 
3262 4554 
4153 3294 
1501 2066 
2565 552 
3863 1790 
5093 943 
25 1890 
1574 2837 
5664 5389 
4150 5326 
3704 5887 
4085 5422 
577 4291 
3147 4803 
656 3951 
5086 2229 
2120 5878 
5489 5999 
1526 2232 
5507 1011 
290 1880 
5863 5778 
3488 3606 
412 98 
2472 1430 
43 721 
4284 1096 
4290 2744 
5426 3402 
1136 3110 
5673 2414 
819 236 
3717 4578 
46 3263 
5143 2517 
2859 5738 
434 193 
2649 5515 
3934 1998 
3514 5595 
3035 461 
5187 4887 
1962 764 
417 4084 
1721 5289 
3929 4810 
3514 3425 
5332 3321 
1166 2201 
5403 3113 
1772 1790 
3146 5224 
4077 387 
2551 104 
3122 2498 
2698 1204 
103 4860 
1100 3407 
5509 3903 
5692 2754 
5242 5801 
1798 3737 
2148 3355 
3909 3093 
4885 264 
1915 5702 
3156 36 
1402 4037 
5062 855 
5452 772 
6047 6111 
2912 3277 
1236 950 
776 1527 
2480 4128 
232 5157 
3869 2775 
4948 1328 
3470 5233 
2040 660 
2332 5901 
5966 1461 
2231 3455 
1238 1044 
4469 4332 
1535 3934 
1157 3738 
2068 3014 
185 4832 
4170 5461 
2211 4185 
4960 4165 
388 1771 
2796 5681 
5301 3503 
1102 5386 
3313 628 
2595 1317 
5030 1367 
1742 406 
1233 6001 
5253 3668 
1376 1921 
973 1976 
3918 2306 
1045 333 
3886 5225 
3194 5510 
3387 5316 
2419 1865 
4486 3447 
5552 934 
4118 5205 
4760 5042 
761 4275 
1253 1335 
5957 4503 
4780 3913 
2409 1854 
4259 2659 
5050 5096 
1243 4246 
1503 4270 
345 2392 
2771 2477 
2563 4512 
215 2371 
2132 946 
1279 4651 
4791 3764 
432 5909 
642 2948 
3299 5908 
3834 1576 
5948 4031 
4474 4981 
4616 5598 
5586 225 
3598 4429 
5841 282 
5870 939 
202 1545 
703 3874 
785 1733 
4833 4896 
3430 3295 
2710 968 
1536 3669 
4783 2639 
2384 1139 
3897 3499 
3783 2270 
6119 3403 
2076 5198 
1396 5045 
3109 5389 
5416 416 
1616 5852 
3662 2191 
2338 1570 
2139 4229 
598 2709 
46 2998 
3591 825 
4893 1874 
4522 4217 
829 1824 
2964 1986 
4435 3422 
4910 3840 
4829 3634 
793 3198 
4202 4265 
1757 4191 
502 5642 
4083 400 
3690 2930 
1268 104 
5613 3523 
4203 1618 
4311 3490 
4658 1971 
5764 5486 
1557 1638 
4254 3809 
1330 1037 
0 4783 
668 3198 
129 1144 
5084 276 
5939 31 
4293 4803 
731 1168 
3837 1058 
326 1845 
352 5601 
2823 2760 
3519 1784 
1276 5922 
2401 1441 
1092 310 
4791 1045 
4280 3476 
1834 282 
2309 5012 
2311 2882 
4209 4507 
2340 1607 
5766 3050 
249 4477 
5864 2626 
1136 1808 
2704 1992 
1507 5420 
5389 159 
5885 1602 
3230 698 
2892 5090 
5529 3077 
135 3665 
4496 13 
2027 2810 
6121 4557 
2341 4401 
451 5570 
4677 3908 
1188 1280 
5034 945 
3021 233 
938 5013 
4205 3484 
4131 140 
2042 1242 
2759 4899 
5468 4329 
5503 2514 
2179 1629 
2087 1099 
5532 2286 
5091 4185 
2964 2612 
1388 3112 
2833 3746 
5312 5487 
44 4487 
6009 5815 
979 5013 
698 4661 
4171 1745 
1537 2560 
1973 5246 
4083 3675 
2988 4011 
3039 3300 
1683 3220 
3605 4688 
1609 1538 
1925 942 
4374 5109 
4537 2436 
3321 3984 
3881 4774 
2165 1306 
947 1738 
5989 965 
899 3514 
4433 2892 
68 5999 
4599 5038 
2903 1804 
5784 1241 
5236 1059 
2815 2724 
3534 4592 
4415 608 
478 531 
5764 4704 
2926 4395 
3710 3324 
1638 1657 
2577 2391 
4267 2857 
1494 741 
1263 5125 
5949 5638 
4405 4232 
3907 151 
2733 3181 
2987 4433 
5944 4263 
2718 5911 
2752 3994 
2378 1369 
1811 819 
4987 5243 
5532 952 
2110 3111 
2532 3149 
4172 5985 
3974 1302 
5210 4373 
1139 3098 
489 5063 
677 2850 
798 3661 
497 4470 
3438 3506 
181 3830 
1187 2982 
1502 2240 
4609 2405 
5282 690 
1443 3846 
5143 2410 
558 2230 
1834 812 
4420 850 
4373 3828 
3894 1222 
4651 4340 
1798 2990 
2782 5459 
6046 3801 
2405 4670 
4974 1746 
4634 3373 
3075 3894 
1614 543 
4486 4324 
4485 234 
2732 5198 
2876 535 
1697 3328 
3598 5652 
5609 3117 
4774 2728 
4749 3727 
4938 3708 
5915 5803 
5063 3939 
5976 806 
5802 5946 
1358 1131 
3384 3708 
3610 3797 
1557 492 
565 2151 
5578 4584 
4510 2645 
3539 3352 
5321 1023 
966 3310 
4861 3135 
3555 4789 
5845 5768 
3069 162 
1164 5723 
2550 1799 
1648 470 
1838 5887 
3579 5647 
2074 3494 
2381 1948 
2199 2417 
638 2147 
1563 2920 
2224 5110 
3269 902 
5430 6132 
3557 4433 
3432 4711 
2754 4874 
4595 2233 
4501 4333 
4006 5253 
3818 5403 
1165 1391 
516 282 
2525 390 
1572 2972 
5554 2618 
2388 1067 
3978 526 
3538 1865 
5380 2966 
3640 4902 
6008 2699 
4592 748 
2256 1795 
4242 4420 
5501 7 
595 2092 
10 4431 
4080 4907 
2994 1311 
4255 6035 
3466 2097 
750 1549 
2014 5252 
3687 2002 
5440 5671 
3249 1693 
1493 1427 
4952 3627 
5265 3351 
3776 503 
1580 1503 
944 4888 
1868 109 
4289 1129 
3761 4732 
4606 3593 
5363 1480 
2116 6045 
1801 5023 
5070 2731 
2420 2115 
196 3695 
3734 4103 
2152 5192 
1276 2157 
5799 2089 
4011 3074 
4215 5589 
1078 4840 
1941 82 
1681 3963 
3413 4746 
2832 955 
537 2274 
1290 3850 
737 4620 
1494 2481 
5718 4936 
5977 1380 
3190 1070 
3295 1325 
1955 1217 
1000 2817 
276 4276 
1157 100 
1961 4277 
1370 5605 
1835 314 
2166 5305 
3368 3821 
3594 5360 
1632 1701 
4236 4696 
478 6003 
1277 124 
4278 4239 
5555 576 
5241 4978 
4347 1820 
4211 4942 
5145 5672 
1226 412 
4036 4940 
1351 4901 
3283 3548 
1239 4468 
727 6075 
4009 2413 
4465 4264 
23 6105 
2585 2875 
3156 1754 
2881 6131 
2958 2651 
4683 753 
4105 3834 
5645 1901 
5795 1539 
812 1343 
2379 5757 
4399 1331 
760 1107 
2750 2681 
3421 4243 
5637 5988 
2152 3749 
2220 494 
3916 3353 
4943 5630 
5280 4659 
4631 3646 
967 1017 
349 1525 
579 6014 
1960 414 
4545 348 
2013 4545 
2311 3407 
5808 4657 
4239 917 
377 5311 
1366 1981 
983 4501 
6039 5439 
3543 4700 
3398 1150 
5867 21 
1749 5299 
1615 4089 
4610 5473 
5246 2810 
1274 746 
3679 1486 
1855 5306 
1902 3105 
4081 5721 
2984 4401 
263 1158 
4966 1473 
2309 4220 
4984 6129 
205 3403 
794 3505 
3835 2562 
2361 5684 
5806 2640 
2681 2633 
4602 1747 
2645 4027 
781 3534 
1674 36 
5990 5073 
1321 5617 
3881 4 
3489 1356 
782 3022 
2990 2059 
4970 481 
4203 690 
5229 2736 
3806 5675 
2523 5896 
857 2087 
3153 3170 
885 1110 
2580 3207 
1473 2142 
5481 2338 
5606 1674 
3677 5292 
1168 3395 
5854 5675 
3267 2200 
3016 1349 
451 3847 
5895 4103 
1470 2962 
3035 1502 
6121 597 
4929 2160 
2407 3357 
3091 3335 
1540 2678 
3641 4509 
5448 0 
3255 2298 
5661 6029 
3233 2694 
5907 1160 
823 4941 
1206 5997 
316 5078 
5245 4086 
2642 3441 
4345 2356 
797 2093 
5613 4125 
1376 670 
4684 2389 
5517 3802 
1674 2208 
4300 1315 
5012 6127 
1113 1486 
5834 1645 
1747 1126 
4843 298 
3357 5867 
5819 2365 
1809 809 
5231 3335 
1805 4272 
6073 1166 
855 2705 
2209 4730 
732 4519 
928 3066 
4232 2832 
577 386 
4234 1189 
5126 1661 
2983 5921 
3388 337 
2056 5906 
3320 5661 
2492 4995 
2281 2178 
4694 709 
3159 5963 
3924 1781 
5581 5132 
3691 5862 
4257 615 
220 259 
3928 4310 
5726 372 
5517 5436 
3116 123 
336 1311 
5036 3861 
1008 5036 
3256 152 
3917 5939 
1134 5880 
2 5493 
1010 3102 
2572 4036 
3765 2654 
570 5753 
403 96 
1632 3367 
1615 3270 
1735 2978 
2331 2726 
5431 807 
3580 4280 
2695 3758 
386 122 
5017 663 
3367 5574 
4052 1672 
1720 2050 
590 4682 
5627 5029 
5774 4729 
4772 6033 
858 3456 
5642 4591 
5429 1152 
3579 748 
471 3347 
3913 312 
2140 4755 
3908 3005 
4902 901 
1881 6066 
2649 4521 
3234 3992 
1146 2459 
5933 638 
1787 2314 
858 3963 
5076 1795 
6078 40 
4381 1491 
4497 3742 
1153 3120 
1732 4125 
5522 687 
3239 5203 
143 4782 
5145 5876 
5975 4626 
1921 2377 
2871 3286 
5117 3240 
4139 313 
1170 2545 
2800 5360 
3992 1542 
2059 220 
5171 2212 
3538 3623 
5119 2006 
1383 3623 
5166 3593 
2247 6100 
5143 1965 
4318 2528 
1302 5785 
5050 1662 
2150 2960 
5394 1802 
5682 860 
730 1397 
704 1310 
2704 420 
4686 6071 
1649 5100 
324 405 
3341 2882 
5219 913 
178 5003 
4414 5256 
1385 3209 
3580 1909 
2143 4264 
2656 4462 
5655 4388 
5376 3520 
700 4993 
4494 1279 
365 3667 
1713 5321 
2190 2603 
5462 1584 
6140 1296 
3000 2424 
3760 877 
538 2657 
1269 746 
2600 3679 
2154 853 
5984 2505 
4555 2917 
5131 1135 
1982 2659 
3218 5825 
5604 2890 
4900 1509 
5403 4834 
4064 3964 
4671 5667 
5381 4526 
541 2366 
5621 4504 
1293 2816 
4359 613 
2470 4898 
4118 2751 
4668 2790 
1226 4882 
3339 2752 
6062 1566 
3433 273 
1144 4269 
5932 2630 
4317 683 
2247 94 
1105 2526 
2286 1418 
3868 506 
2402 5257 
187 4179 
5154 2534 
217 1361 
3656 2262 
1703 191 
812 2321 
5792 1351 
3161 3831 
3475 2720 
3458 4949 
3962 4966 
5277 4467 
1962 5980 
5857 417 
2804 5081 
3912 783 
3303 1557 
5247 5560 
4071 2672 
4983 5445 
2976 1010 
6110 2730 
2555 5304 
3765 4099 
6048 1208 
4588 3045 
3189 4026 
5078 3391 
1117 2996 
5713 5491 
3673 2011 
449 3013 
5431 3603 
4385 2586 
4639 201 
3577 5775 
3651 4984 
3749 1040 
2388 5441 
2141 4390 
2888 701 
1204 4918 
5630 1975 
4652 3830 
3429 283 
3493 2772 
5912 3591 
2006 4860 
335 1096 
3927 6099 
2137 410 
5890 5008 
3204 4405 
4062 4573 
3353 2284 
1825 1395 
704 1752 
449 5382 
3800 2751 
2242 477 
2096 1879 
4839 193 
2080 5832 
3407 3662 
1009 2447 
3370 2548 
2852 2025 
2838 4925 
2074 5495 
2982 1579 
1704 2064 
2023 88 
3991 992 
4620 523 
5016 4766 
779 2300 
491 6049 
5202 4687 
195 3263 
1614 3291 
5032 554 
1505 4279 
1328 3866 
2005 1967 
4420 453 
366 4136 
2692 4641 
761 1277 
4545 4575 
422 5340 
2828 2890 
5566 1916 
5649 744 
3748 4666 
4859 4971 
853 4755 
1690 263 
4032 5005 
209 2766 
5945 597 
3706 5968 
5871 3699 
369 2615 
3774 5996 
900 3005 
5432 6068 
3797 3452 
3895 615 
5707 4308 
2875 1993 
997 510 
4493 1990 
1185 1220 
104 3299 
4464 2132 
5555 1616 
4564 1580 
4313 2286 
1307 682 
5061 1797 
6106 3553 
254 871 
5537 5339 
5366 2245 
2335 2070 
1691 821 
4558 1132 
219 5417 
6089 2519 
6106 3685 
3553 2547 
5441 558 
3431 3374 
5009 2682 
1316 1049 
278 5815 
3881 459 
4648 3883 
5159 241 
3761 4628 
624 3490 
5511 3613 
2796 3035 
681 1902 
3127 4187 
2927 4914 
3762 3974 
3478 5021 
5250 4407 
3032 2407 
2517 5473 
2669 1740 
622 4746 
3890 4141 
1667 6121 
2469 2004 
5085 3814 
2928 1578 
4632 1187 
829 2161 
5080 324 
5023 2423 
1248 790 
3367 2250 
1658 1023 
2832 2277 
4963 3639 
2476 5568 
4054 5164 
5922 1323 
4025 4547 
6131 3700 
3388 3764 
1250 3681 
5359 2474 
5657 5878 
5715 1517 
4609 4088 
5804 2811 
2052 5977 
328 1678 
3272 1124 
3100 2857 
4552 2720 
2761 820 
5989 2583 
385 2375 
4282 2607 
882 1330 
6040 3049 
731 2303 
1727 1849 
3222 831 
1669 4196 
6096 2280 
2793 3860 
376 2506 
3015 3232 
5744 863 
5259 2692 
4121 4190 
820 5409 
2470 3662 
5605 5880 
5380 1583 
1324 5850 
246 468 
891 701 
6136 96 
2013 5095 
711 2870 
4535 4089 
5633 889 
3569 4344 
2885 5961 
5086 408 
2356 4995 
2401 3664 
3599 616 
4958 116 
2311 5875 
4744 2483 
4933 5523 
5198 1378 
2875 1120 
3368 1112 
4477 1735 
6118 5650 
3557 2363 
4528 4624 
3094 5211 
2607 1602 
3505 2649 
125 5373 
3922 3768 
4119 2653 
3117 5546 
4313 892 
2875 4846 
849 1998 
6004 1401 
3445 4559 
844 2780 
1301 2010 
553 836 
2259 3495 
3268 4824 
5874 2387 
930 6045 
2128 12 
2277 612 
3262 3616 
4666 5305 
1867 4011 
5690 1976 
4081 4913 
4465 1850 
4563 5032 
484 5522 
619 3051 
2565 1331 
4610 4833 
5565 4443 
6134 3535 
3588 933 
5258 5216 
4075 3467 
5598 2923 
2744 5929 
1303 4166 
1750 2732 
365 4647 
1940 2739 
5665 1302 
4577 772 
3451 3318 
573 2072 
1523 5955 
4761 470 
1940 3256 
5280 1893 
4578 4516 
4152 3840 
4428 1643 
3450 782 
17 3104 
3037 4829 
2546 447 
5853 4905 
6142 3792 
3799 2386 
1770 332 
28 1363 
2242 3773 
5963 503 
3311 3048 
5284 4828 
1656 3050 
2060 2781 
4253 5607 
3882 4423 
5841 4737 
5847 5756 
3939 1554 
1837 2996 
2976 1274 
3408 4769 
2324 6087 
1865 5142 
3948 2352 
3065 4665 
3843 1524 
1179 703 
3002 1919 
3866 15 
395 64 
872 799 
1549 921 
2584 671 
5174 5921 
4448 5573 
3211 5886 
1981 1151 
3339 3336 
5999 1720 
3680 4945 
94 797 
4613 760 
2411 3536 
5227 5200 
4214 1870 
4516 1135 
88 2268 
3197 3042 
3621 5512 
1378 5595 
4815 2370 
1799 104 
1762 2558 
2934 3024 
512 4457 
789 4804 
3793 1480 
2989 1477 
4447 5755 
1106 453 
1327 5261 
707 5708 
2194 1450 
3595 1874 
3431 363 
3954 1865 
4177 5169 
275 3031 
1920 3257 
66 1378 
1453 4368 
3827 4286 
2903 3240 
4516 556 
1544 4651 
4588 2467 
4495 2095 
2952 3648 
3372 627 
3741 1192 
4581 4100 
3624 6075 
2166 5450 
3911 3517 
5907 4973 
3212 39 
5606 3655 
3225 146 
1431 1791 
3328 6137 
3143 5763 
2676 5166 
2418 2887 
1586 2954 
3741 1007 
3115 3696 
6125 4514 
2045 2121 
1210 3455 
2116 3345 
3679 5046 
5153 3720 
2188 5414 
251 5210 
5090 3886 
4624 5133 
2144 5646 
362 2941 
1082 5768 
5111 5160 
5827 5331 
4861 5042 
4160 650 
6031 5937 
1037 3905 
1638 5610 
5798 1782 
802 5365 
5103 5767 
4983 3426 
2677 756 
4030 1092 
1887 1238 
3226 5937 
5388 2553 
5062 1688 
5378 5142 
1171 2018 
3984 1207 
4227 1278 
2858 2456 
3349 1559 
3904 3127 
350 742 
1694 2201 
1316 2724 
6096 3068 
3315 825 
4456 3092 
1471 5986 
3625 370 
3033 4869 
4162 398 
2772 1633 
1496 5796 
1184 5332 
569 2345 
2466 4924 
369 501 
228 1881 
5207 1615 
5040 2518 
192 5631 
3435 3210 
788 3888 
5320 3675 
3116 249 
3835 276 
4020 6107 
1418 5412 
4668 5811 
3333 2520 
2832 3775 
5122 1489 
3543 3479 
2593 6112 
1034 3982 
5136 3977 
2595 306 
5278 404 
943 4513 
6079 1187 
5649 5354 
3961 408 
2622 51 
1100 5755 
3028 5620 
682 2514 
5702 2890 
3202 1444 
861 2129 
1243 3168 
5960 4957 
5079 1047 
605 3978 
1456 469 
5842 3506 
1411 2951 
1020 5252 
3444 742 
4228 3153 
3164 5690 
3665 3151 
396 5424 
744 4912 
3522 4451 
2930 3821 
2880 2959 
2180 5727 
5017 5196 
785 151 
4239 2984 
5896 490 
5039 3879 
3198 412 
5816 5374 
1352 1223 
2496 4365 
