4323 8104 
3562 3533 
1207 2629 
1499 3994 
1346 3107 
1926 2649 
3492 2697 
3436 183 
1266 2756 
2763 3539 
4165 1695 
3368 3454 
707 2732 
3254 2521 
1093 518 
952 2582 
4078 516 
131 1791 
351 1052 
1299 1303 
2876 2174 
1220 292 
336 3807 
3190 3494 
1740 2255 
4193 3281 
1718 2901 
87 852 
1580 1812 
2075 3369 
3138 2142 
3769 3737 
3154 1873 
1301 1672 
1347 3606 
4263 3971 
2219 4263 
2760 3601 
866 884 
2387 1887 
1314 3174 
2395 2797 
421 2700 
1168 3185 
3844 3459 
1880 2041 
369 1701 
3324 3232 
2218 135 
1001 3481 
171 3891 
987 4231 
99 2028 
52 2616 
2723 529 
1095 956 
933 4015 
1133 4276 
2034 3744 
3737 378 
1279 4028 
2651 1743 
1518 3022 
3453 3272 
2691 1054 
2020 165 
831 4284 
3699 877 
1915 1209 
3461 3959 
15 1695 
1301 1556 
2731 1004 
197 2891 
953 944 
2963 116 
1126 3890 
882 1271 
662 738 
1619 209 
1896 931 
2582 2476 
2879 1854 
2314 3330 
1870 3196 
2958 250 
503 318 
2286 1668 
2204 1273 
1082 245 
3079 238 
347 3749 
3299 2033 
1433 1668 
2180 699 
3480 504 
819 1545 
3763 2020 
3856 1212 
1401 926 
2126 983 
1155 2610 
1268 2931 
4068 4308 
1027 4250 
425 2506 
2836 4124 
2647 1885 
859 779 
3937 2579 
3076 111 
1514 1961 
93 1412 
476 3636 
1648 2387 
1074 1970 
2275 3508 
4303 1135 
3521 761 
3891 2281 
1380 2441 
197 2360 
846 100 
310 715 
2884 3919 
3622 2539 
2776 4009 
1689 1140 
1380 3442 
3501 2070 
868 3934 
4236 2834 
1372 3685 
507 3688 
2120 1741 
2182 3627 
3670 2695 
879 3099 
242 1819 
3974 3451 
2179 2867 
3272 2101 
352 1915 
4085 3276 
2395 1437 
1141 1929 
850 2179 
1725 2175 
172 1660 
807 1824 
3279 352 
687 790 
1633 1236 
4119 3822 
6 721 
4118 1356 
3688 3940 
2935 4097 
975 832 
945 193 
1142 2728 
4205 1846 
2589 3174 
700 3248 
3156 4225 
281 3232 
141 62 
4221 3694 
1717 712 
1226 1591 
2317 4280 
2005 3580 
3091 1719 
1819 2131 
1058 3120 
3747 588 
2278 243 
3124 2487 
286 850 
3675 4186 
1153 1406 
3449 654 
763 4057 
3837 3144 
1531 433 
3196 1023 
3428 1176 
939 3999 
4292 3354 
3967 1794 
2106 2286 
3030 337 
1059 1212 
3427 3310 
51 2302 
2979 585 
3554 544 
3683 1914 
122 491 
3288 3728 
2800 2755 
2998 1106 
1625 1258 
1064 278 
2598 629 
857 1893 
2708 115 
1956 3722 
4195 1734 
2305 1167 
703 2014 
1679 3040 
912 1856 
4282 3781 
1019 2468 
401 3556 
441 1055 
1944 768 
3084 3561 
1037 1608 
3095 2822 
3732 4083 
2348 1753 
1603 621 
1475 3997 
3008 1917 
3882 2335 
3668 4266 
1714 4058 
2219 2838 
1402 3675 
3305 3932 
4152 366 
3629 3584 
2587 1452 
1168 1746 
253 1458 
2156 2247 
3636 895 
953 347 
2444 1570 
1114 1392 
2394 3394 
3168 3606 
1496 3565 
2773 4208 
1892 4067 
1070 2107 
655 4122 
1648 2947 
2920 204 
4138 2896 
1377 4263 
4034 1633 
3241 541 
158 4214 
4057 854 
466 1250 
3262 832 
980 752 
1403 4290 
781 702 
3498 3875 
1176 2403 
449 807 
768 1985 
3161 1080 
2752 1352 
2394 3352 
2556 2564 
682 3624 
516 3073 
1651 1353 
3016 538 
1930 2744 
1917 2722 
3467 513 
2590 31 
1998 1865 
2916 3768 
3456 3666 
406 977 
573 2903 
3700 547 
2640 1775 
3033 1642 
452 853 
2786 4124 
1451 1363 
1871 3627 
460 936 
3463 659 
2877 386 
3099 1150 
4189 824 
4001 3857 
1556 3002 
2686 2899 
3276 2394 
2703 826 
1945 894 
2816 2912 
586 1066 
2052 3618 
2542 3345 
3300 3623 
2918 2439 
3781 2079 
453 3302 
1928 3633 
2619 391 
1976 3605 
2945 2362 
3358 1825 
4224 951 
2861 3470 
1277 1908 
2633 3267 
74 769 
919 1491 
3148 315 
2330 3937 
2147 3733 
2776 1087 
3963 2753 
1025 2631 
785 1088 
2387 1301 
2976 1270 
1244 3635 
909 3385 
722 2880 
3902 4122 
2363 3603 
3707 4192 
3643 4030 
4095 1397 
653 1095 
1709 3717 
2743 4282 
1356 1199 
1351 1327 
4067 4044 
649 574 
1070 4073 
703 1521 
528 4185 
148 1312 
647 1971 
2502 1438 
2451 26 
3863 2447 
1525 1490 
876 2281 
2441 1153 
2875 1164 
1719 4129 
2028 2709 
2206 1013 
2450 1025 
3659 187 
529 3811 
62 2439 
3449 72 
1315 268 
1392 2253 
3536 2124 
111 3551 
2739 1471 
3965 956 
3224 1534 
2352 2410 
3021 1713 
2388 3129 
1296 1083 
1659 267 
281 2428 
850 1252 
2783 144 
681 882 
3712 2201 
1940 2351 
3247 2131 
1832 2242 
477 2509 
2833 790 
3832 3574 
3318 985 
2088 2966 
4153 598 
2120 1430 
426 212 
1148 2173 
2564 2982 
1695 3429 
1582 546 
3093 2018 
3023 3865 
992 3025 
3043 1257 
1846 111 
468 4311 
2153 2771 
2246 1303 
951 1804 
2532 2109 
2126 1833 
1025 3950 
487 3593 
4105 1127 
852 3590 
4025 1805 
2662 3566 
1927 3766 
381 3457 
3610 633 
802 141 
2426 2397 
770 1866 
1446 1374 
1430 2888 
622 921 
3331 4168 
2718 2038 
2370 3976 
2002 1384 
3512 2986 
1154 2603 
1317 3475 
3160 1483 
2354 67 
1957 3114 
4303 1737 
1218 693 
2738 3963 
3330 461 
2171 1705 
1078 225 
216 1190 
949 2143 
3378 2078 
824 1380 
4299 851 
1592 1580 
2273 3156 
1758 600 
3353 3113 
2837 3774 
1145 3435 
1986 1228 
165 3976 
2813 389 
2358 2142 
1340 1893 
2872 3632 
1459 2841 
3842 867 
661 1281 
3084 985 
2748 4110 
4140 414 
4303 559 
998 1876 
3534 1810 
881 2144 
1732 1398 
2129 1661 
2258 952 
1934 2567 
1410 2331 
4242 3185 
1629 0 
1981 1046 
780 4051 
1938 2691 
2014 408 
3779 2581 
3417 982 
3018 2610 
1508 2334 
274 507 
1376 1548 
1943 4062 
2651 3657 
3154 408 
3453 2837 
3871 2145 
104 784 
3633 3871 
1123 1749 
3517 239 
1546 4118 
2018 1519 
1064 3299 
517 3563 
2344 193 
3707 2854 
2505 88 
1242 447 
744 2980 
2296 3342 
4177 4192 
3027 2991 
201 1250 
179 4126 
355 4079 
52 719 
2251 657 
3982 827 
1034 631 
3853 3569 
1089 1021 
1978 984 
814 4095 
2399 393 
2232 3039 
4231 1782 
394 1868 
2278 3228 
60 1536 
2791 1931 
4231 2336 
3829 3174 
1010 932 
4109 3467 
3645 3262 
1385 649 
2811 882 
2029 2992 
915 3981 
2828 3569 
2458 2580 
40 2883 
3791 679 
3376 1558 
3614 3451 
2601 1634 
1380 2227 
2012 4048 
3534 2734 
1662 3600 
3675 3827 
442 1946 
1827 3683 
2051 78 
2831 3359 
4028 3421 
1509 2843 
3925 1729 
330 3783 
368 1437 
445 3017 
835 909 
1198 2910 
2865 2164 
3981 1600 
1661 1699 
168 99 
2587 4008 
403 4298 
2159 2124 
1951 2485 
3055 2549 
80 2015 
2579 2639 
2472 1054 
1835 1725 
969 1673 
1179 1976 
3611 1896 
397 2185 
2062 4048 
1490 1056 
907 4317 
3333 1626 
139 4139 
604 2728 
1135 3406 
2056 2280 
4130 195 
3726 1346 
843 514 
4149 4164 
1873 4124 
3700 499 
3856 2924 
836 1384 
4305 371 
342 1826 
2803 635 
1819 3067 
86 909 
1301 2725 
2359 1607 
2921 3998 
3827 3827 
1264 1645 
3445 856 
3212 2851 
2016 3098 
1424 523 
2780 2448 
75 888 
3941 660 
1244 2290 
3269 525 
225 1640 
644 2790 
3237 3850 
2964 3485 
2229 156 
1025 92 
2551 1185 
2881 1322 
3368 2856 
1831 2654 
3977 3432 
3437 4151 
3930 678 
19 1230 
3785 3888 
946 4152 
3013 4029 
923 3153 
137 1400 
1319 1653 
513 1387 
3340 271 
4267 2793 
3411 1047 
1734 1655 
2562 2971 
4047 315 
854 2624 
1817 707 
3399 461 
3797 3568 
4247 2949 
2381 4248 
2153 3696 
4127 3887 
4025 859 
3666 2123 
290 374 
3641 154 
216 991 
3660 2313 
4028 3319 
3731 2239 
3723 3162 
519 3081 
1102 2406 
4087 3693 
1008 3237 
3284 2057 
1943 987 
3754 3677 
1868 3042 
2789 2084 
3316 4210 
3057 925 
2169 835 
675 1089 
3684 287 
2228 3189 
805 3131 
860 3188 
1961 3759 
2477 1670 
3535 2052 
1430 2449 
958 1177 
3684 2579 
4217 2235 
4009 1295 
3014 3988 
2184 2311 
3335 341 
1444 697 
2977 974 
994 2609 
2612 2281 
1601 2027 
3132 117 
96 3674 
2222 4209 
2921 3654 
669 2250 
992 1722 
2092 1207 
3980 2212 
3346 4071 
600 3698 
310 2856 
695 849 
2914 1504 
2890 2808 
3744 739 
3287 1734 
17 3336 
1044 3887 
217 660 
1937 1932 
3958 3923 
3317 2466 
74 1266 
3555 250 
1674 620 
377 1251 
414 1147 
2689 3769 
3846 843 
3488 123 
1949 883 
4004 1064 
3778 2076 
544 4311 
113 1975 
2732 1373 
2967 4258 
113 3518 
3222 2666 
787 4212 
3969 4165 
26 138 
752 1454 
2047 374 
454 981 
828 257 
3684 3799 
2952 432 
2649 583 
799 648 
615 2106 
2 1953 
2763 24 
2614 2922 
798 3112 
3797 4086 
2848 314 
2053 59 
3517 3097 
4305 3333 
1721 2690 
999 177 
1753 4092 
103 1688 
1548 2312 
383 3013 
109 3759 
4101 1744 
3069 2461 
3928 2386 
30 508 
1129 3003 
3692 4191 
3191 2392 
2707 2517 
1081 3466 
435 695 
3632 685 
3180 3528 
3051 3837 
2545 781 
653 842 
1072 4279 
2364 3040 
456 3353 
2006 3415 
3402 626 
2564 2292 
2108 3759 
2467 1470 
477 3919 
4177 3995 
4016 2640 
37 1034 
2721 868 
3391 2507 
2215 598 
2022 175 
1975 4040 
1898 3593 
1069 3593 
1125 4305 
2305 4309 
1615 2178 
1328 2381 
253 1021 
1077 1839 
3833 1256 
3991 4206 
2592 1333 
1508 1500 
2669 2251 
2206 2952 
2819 4257 
3457 2280 
443 1743 
2239 4083 
1289 1994 
753 3789 
3817 2905 
31 1985 
2458 2417 
2954 968 
3042 1258 
2777 3744 
880 2298 
627 3597 
1270 4187 
2391 2704 
509 3841 
2813 3855 
3825 3188 
648 3651 
3791 4250 
2160 1685 
765 3721 
3817 2091 
1447 683 
4046 3471 
4238 4006 
2330 1195 
1552 2377 
4205 4309 
3522 3221 
2336 1923 
4172 647 
2600 3796 
3131 4315 
4096 1477 
2307 1920 
4255 3342 
3847 3875 
1047 4236 
1764 79 
763 3608 
2954 2712 
3996 4292 
3157 1540 
822 4288 
2740 2023 
2399 3757 
2614 3151 
924 136 
1575 2727 
2511 2757 
4162 3041 
3571 3975 
1477 4320 
3169 1102 
1653 2346 
1922 3960 
2261 3309 
1200 2033 
3179 1369 
3079 422 
1640 1928 
3420 3674 
3663 1116 
372 249 
2076 772 
2804 4150 
2286 983 
3271 2025 
2074 1529 
3868 2620 
3902 3056 
796 2151 
3675 1344 
387 3841 
671 2413 
2193 3087 
3514 3712 
1280 126 
4068 2436 
1286 2267 
1430 3824 
1440 3651 
2367 2568 
357 2738 
3247 3573 
1087 1382 
127 3470 
1362 1554 
387 839 
3957 2939 
70 3173 
3059 3602 
2260 2730 
3356 2261 
2590 1121 
252 4149 
2965 2348 
1688 1447 
4179 1228 
3974 2265 
2737 3938 
2471 2256 
2801 1531 
1455 2261 
2204 3943 
284 3519 
59 2414 
500 393 
222 1193 
818 556 
1274 39 
2982 1654 
3950 4283 
3118 668 
2636 1014 
765 1944 
3591 1736 
2935 4061 
941 2810 
3577 2704 
1528 2682 
3082 1990 
2578 3219 
1555 1101 
3809 215 
2943 404 
1996 3710 
3222 621 
2405 1164 
274 2594 
1816 4278 
3506 3700 
894 108 
735 2724 
1937 2668 
1899 4121 
1392 608 
2304 29 
4303 3505 
3286 1249 
4065 2572 
118 2700 
2600 1793 
3872 3679 
3514 1957 
2304 4164 
2165 3832 
3259 3762 
1755 2851 
2527 3711 
3524 2695 
2547 3747 
1720 1991 
3352 278 
641 4310 
2331 1668 
3613 3613 
2675 1183 
4107 265 
2435 2628 
2971 3689 
229 3737 
1621 2430 
4030 3849 
1793 210 
2169 2273 
835 459 
1346 476 
482 3610 
960 2183 
4262 1886 
1475 3336 
294 2944 
603 3744 
1856 2677 
250 296 
4275 1720 
623 220 
1487 2391 
1018 3206 
371 2868 
3656 1402 
876 3638 
4272 2258 
419 849 
3100 2221 
3369 3835 
2829 3700 
1465 656 
2938 8 
1349 87 
1456 4310 
688 1813 
1250 2034 
170 2300 
2157 1024 
424 1450 
667 1775 
2783 685 
245 2878 
2440 3116 
107 3679 
658 2171 
1305 285 
4035 1633 
2395 974 
4278 2515 
836 4020 
1717 2128 
1861 680 
3787 1623 
4001 1370 
1027 294 
3971 2487 
288 817 
3855 2956 
3609 3301 
3316 558 
333 1429 
628 1439 
2965 2951 
3151 626 
3466 1688 
2252 2003 
1946 1338 
1787 639 
2694 3617 
2747 739 
1248 513 
3032 3258 
2685 3620 
50 1716 
2347 3952 
637 4171 
3230 4214 
4006 1983 
4031 2540 
1176 3232 
1748 2950 
1655 123 
3596 3945 
3777 1790 
267 2367 
51 1856 
57 1793 
497 1052 
2267 2765 
1807 2264 
2629 3529 
232 2515 
3047 2709 
2946 1109 
113 1014 
717 3464 
2314 2352 
812 1297 
933 3271 
1844 563 
327 3918 
2388 2319 
2950 3225 
464 3181 
3061 2538 
2851 894 
2642 2906 
697 1304 
1326 3321 
1244 2516 
4 1918 
3619 75 
1938 575 
778 3078 
3811 2344 
1894 286 
2372 663 
114 1287 
2566 509 
2076 1603 
2684 738 
4184 2161 
1083 364 
1679 2763 
407 2646 
2513 1666 
3684 3871 
1673 1639 
1049 1715 
12 1234 
361 3968 
3593 4093 
2509 3305 
3683 916 
3087 1573 
334 744 
4096 216 
1362 3153 
1116 2709 
2058 3406 
4073 591 
3578 3941 
2134 1949 
3371 1984 
4216 3473 
1502 1045 
895 4174 
1550 1940 
3637 3740 
548 672 
2092 4086 
2062 418 
4035 2869 
621 3617 
2400 3983 
3197 4242 
4088 2222 
2108 552 
3120 4079 
1041 1957 
2137 356 
3620 2037 
365 462 
3200 1966 
1180 3353 
4128 941 
994 324 
1687 1272 
2874 2384 
3462 2010 
1365 3270 
2007 2620 
4192 3776 
3240 398 
3921 2675 
987 281 
1177 1827 
1094 3548 
1960 2813 
2777 909 
4054 3471 
4284 3467 
4308 1248 
4175 1737 
3683 2165 
218 878 
2822 787 
3634 4248 
1318 4082 
604 60 
3958 3739 
3410 189 
2035 3364 
2707 4008 
1670 4167 
1674 1086 
3067 658 
797 1210 
507 2075 
3281 2422 
1984 1754 
4146 3852 
1331 1669 
619 2873 
3083 3984 
2424 914 
1268 872 
1089 883 
3394 1847 
3665 519 
3026 2164 
1670 740 
3397 652 
1667 2784 
2888 2988 
1698 4209 
2316 808 
3008 2415 
3836 1920 
400 1641 
682 2421 
2809 1676 
4092 557 
1399 2696 
13 4277 
4288 4009 
2837 1358 
4151 1199 
3076 4118 
2714 3709 
2498 424 
765 3727 
3176 1087 
4017 1000 
2259 2818 
931 2403 
2924 354 
4066 372 
525 4111 
1908 1464 
1306 2160 
648 4047 
3031 4115 
1760 2193 
2455 3522 
2620 4017 
103 748 
2555 1985 
2265 3572 
2367 4176 
3736 1926 
2902 1528 
828 4013 
3107 516 
2655 2611 
3000 3881 
235 236 
4108 4100 
3963 2915 
3061 202 
422 2436 
2641 3051 
1328 1373 
376 2508 
1908 3372 
611 1165 
1439 2763 
3075 2392 
650 3561 
1958 3186 
3355 917 
4159 3201 
4292 401 
1018 976 
1083 3029 
2689 789 
2941 887 
1433 1364 
2608 3469 
753 3879 
576 2403 
1645 825 
2060 713 
3667 2484 
2887 3556 
2670 3127 
1839 1296 
2817 143 
1256 3458 
3729 3021 
1498 3139 
3964 125 
1486 3614 
3287 1816 
2925 1674 
3784 6 
916 528 
1041 1530 
1290 3894 
1639 1786 
1964 3005 
749 429 
1755 1902 
4023 1652 
1697 1205 
296 3882 
1481 2582 
3354 2616 
4149 829 
1413 3497 
2493 1792 
2458 3382 
3894 4067 
1821 2192 
1545 1629 
578 1903 
1113 782 
3246 3940 
74 3789 
2836 1768 
928 4186 
2280 4274 
1351 494 
3377 2557 
1273 2536 
2332 3798 
3367 1278 
1697 883 
2684 1952 
3460 4059 
2452 3806 
749 4187 
330 672 
3457 952 
857 3314 
4305 1329 
856 844 
2818 1208 
4289 4268 
61 80 
2422 1903 
620 742 
2092 4226 
3993 81 
336 867 
3201 3988 
3865 3343 
475 3797 
3129 3568 
3007 1812 
4270 407 
697 3123 
3648 3764 
2382 491 
3358 2851 
587 382 
3643 2905 
3724 1961 
2205 589 
3348 694 
3911 2339 
2554 2386 
4128 2069 
4149 1664 
2850 3675 
2207 1354 
2717 3650 
3114 1942 
2734 2632 
2356 2116 
2831 4230 
2903 1541 
2933 2770 
1951 198 
2770 2546 
949 2548 
2734 407 
3659 2001 
3644 4318 
322 464 
1138 863 
777 3455 
332 1344 
745 4265 
1016 2712 
3698 966 
1636 3668 
1413 3568 
3766 3651 
859 3313 
4282 3982 
1315 652 
767 1833 
3934 2000 
2366 4064 
1914 327 
1193 2963 
3505 2502 
337 226 
1669 1097 
2319 3198 
301 924 
3981 2128 
1953 2070 
786 4267 
3247 2012 
3972 3633 
1043 1842 
1939 2210 
1635 3142 
2100 3690 
4322 3351 
2320 734 
3331 529 
653 734 
1946 2649 
2300 2205 
3492 2711 
2456 3617 
3554 3832 
2069 297 
2307 4063 
3453 515 
1270 442 
492 4298 
3464 3786 
1604 2230 
2573 2091 
2398 1790 
2885 3290 
2936 1480 
2126 2832 
3818 1799 
4137 2376 
343 2354 
425 3357 
1099 1761 
3913 230 
3488 275 
2629 1903 
4146 2683 
553 2000 
1665 2768 
461 4222 
3940 2265 
3393 1431 
676 1910 
420 2949 
3424 3461 
1839 1645 
452 1354 
3974 3586 
1727 1751 
216 3283 
1463 1551 
130 10 
2658 629 
3750 1392 
3016 4127 
2674 378 
273 4055 
3620 4204 
338 2290 
99 454 
3764 4209 
1191 2096 
380 2702 
1030 1317 
2572 3142 
98 1273 
1626 3407 
124 2868 
700 500 
3883 1417 
723 2127 
575 1980 
836 3811 
2199 3832 
1085 388 
4005 4121 
2575 1689 
955 275 
916 2960 
2425 4084 
2483 455 
920 1685 
2145 1887 
1487 3536 
1494 2384 
2708 1036 
861 176 
3621 897 
3520 1113 
4312 2721 
2997 831 
2206 2701 
431 602 
3619 722 
2927 1253 
2224 2704 
3984 2248 
1480 460 
2558 2822 
16 3824 
359 2809 
22 2874 
1962 979 
1952 2741 
1106 2781 
2049 2607 
4243 2847 
24 1536 
1999 4262 
873 2155 
3728 4228 
1735 3051 
320 3793 
86 3464 
3624 958 
2316 3851 
3392 3365 
2788 1463 
3609 3226 
390 1929 
852 2550 
1111 1532 
1424 2105 
4263 297 
2161 72 
3042 2119 
3976 3852 
2848 1146 
2999 3447 
1808 2035 
238 75 
2691 3803 
3878 970 
2825 3322 
547 3172 
3420 26 
3746 398 
484 3219 
3082 234 
3243 133 
3785 2898 
1237 1210 
404 3845 
2288 4007 
1876 933 
2120 1236 
2106 3045 
1154 1145 
2132 1067 
2834 1925 
1562 630 
1658 1402 
956 2055 
2074 983 
3067 1479 
3214 1090 
2256 561 
1098 1609 
4249 1584 
3787 2908 
392 123 
1311 3423 
1315 2662 
1459 96 
1514 1216 
4266 1662 
881 2294 
2482 1985 
2948 3013 
526 4130 
2968 11 
3320 2176 
426 927 
3427 680 
2505 1469 
1486 2832 
4033 3312 
2352 1808 
27 4272 
4035 1021 
3651 1343 
4247 433 
2749 750 
314 2372 
4281 404 
282 2187 
1595 594 
2086 3327 
1251 3798 
2100 1782 
391 734 
4027 1844 
1222 3848 
3659 3333 
2690 352 
3340 1932 
233 4286 
401 2587 
2711 4248 
2041 248 
1308 1657 
3884 2721 
3479 3588 
1931 1044 
1132 250 
1557 23 
2236 2030 
1088 966 
1119 592 
1973 1588 
3490 1452 
1376 604 
1225 3285 
200 3131 
2913 2821 
535 2448 
2506 2695 
2648 3161 
3445 3177 
2286 3239 
1749 2173 
1264 3876 
146 733 
1588 3515 
1571 4311 
3671 33 
2214 1434 
3038 2712 
888 2973 
3590 574 
1336 674 
783 869 
3987 1856 
2332 2011 
843 1054 
2686 1918 
512 3810 
1535 1947 
3015 2110 
3247 77 
1680 2013 
3279 2370 
367 817 
3597 714 
3721 21 
945 4159 
874 3198 
108 3941 
3369 1850 
4183 1717 
2582 3637 
653 803 
1865 3444 
3184 2303 
639 3755 
2193 3524 
3247 3551 
3752 351 
4098 3423 
2218 590 
903 737 
3327 3496 
1245 1536 
1477 2723 
2107 3593 
2665 1974 
3134 1154 
2993 1674 
4094 2081 
3794 3428 
935 3142 
1004 735 
1089 4113 
4175 18 
2278 627 
3986 3396 
341 3087 
2610 1308 
3304 2315 
791 1372 
1845 1541 
535 1353 
2304 1016 
3717 1327 
1250 3599 
4204 1977 
3189 2553 
4019 3067 
1108 346 
32 1065 
455 1101 
2248 1279 
1211 3086 
1118 1076 
547 1216 
3132 3068 
817 2035 
4059 3059 
505 2823 
2271 2582 
524 2423 
3187 2294 
3856 2208 
3066 2416 
3951 892 
2950 695 
1300 1734 
2907 487 
2678 2324 
2343 2460 
4263 3637 
4264 674 
2466 3661 
4208 273 
2498 1074 
3058 1140 
1921 917 
3028 1346 
3116 1472 
2810 349 
1180 2759 
2582 3137 
2860 3697 
869 807 
1081 1981 
2513 4302 
2854 273 
1849 893 
3807 2671 
2036 621 
3720 293 
3900 1321 
4123 3654 
195 744 
1116 1509 
2985 3187 
649 3638 
2788 2869 
1611 3456 
2983 2079 
3983 2713 
3951 1939 
280 2836 
1711 2631 
1979 3840 
3302 1971 
5 3273 
2574 1096 
1187 2745 
1922 3144 
3274 4107 
606 2836 
2724 3532 
2656 2101 
3246 1261 
4027 2106 
1065 1275 
2759 1882 
4157 3395 
2312 4171 
3145 3689 
3632 2921 
2703 1051 
2041 3197 
914 1209 
2068 3105 
2467 1413 
2419 3967 
3924 1254 
635 4001 
525 1008 
2197 2256 
2273 3565 
4190 2362 
214 3478 
3790 2011 
3704 2338 
3975 2464 
2387 4086 
747 1118 
1266 2916 
3310 4314 
3518 2601 
2691 868 
1000 397 
2302 702 
4183 3108 
566 1068 
1526 1021 
2454 2593 
2771 3697 
2532 1098 
1183 3858 
2943 3175 
4295 2840 
3532 2139 
1354 549 
3355 3742 
3113 3700 
78 985 
3955 1511 
2983 2610 
3986 1357 
1351 3718 
2162 150 
3378 968 
3141 2362 
999 4106 
3459 7 
2923 933 
2761 200 
465 3003 
2241 935 
608 963 
3603 2527 
1707 1441 
620 1342 
3740 2926 
2495 2550 
1877 820 
714 1106 
164 3032 
312 3062 
3775 1772 
1215 2180 
2220 4237 
1439 587 
1460 3723 
232 1745 
3689 3532 
1463 2913 
257 4240 
4224 3820 
3911 3410 
3459 2074 
326 3430 
1088 459 
204 2016 
135 805 
1211 673 
3263 3002 
3034 4165 
4320 2214 
775 664 
941 3838 
3787 2925 
4189 600 
2439 4121 
372 2961 
2357 669 
2648 1586 
2651 3532 
1548 265 
884 719 
227 1921 
4248 3628 
1413 3694 
1201 2854 
797 3424 
3610 275 
1868 2221 
3952 2253 
3769 3335 
2730 1597 
3251 2687 
768 3534 
1488 1611 
1691 1641 
3136 297 
4049 3326 
3160 4274 
193 3347 
745 725 
1540 828 
1317 1198 
718 441 
749 3283 
3364 3339 
19 1048 
3882 2725 
4260 1062 
4312 3316 
640 1691 
3250 1061 
2997 882 
706 1058 
3491 3610 
4269 4267 
2048 2921 
312 4003 
3460 1079 
1044 3677 
1258 3554 
3088 1527 
3436 1292 
2442 2824 
3803 3320 
1146 3966 
3135 295 
1145 2633 
1476 3257 
2808 843 
500 2496 
903 2531 
599 3482 
1149 1297 
3031 287 
817 4158 
3456 438 
1175 4186 
578 1095 
29 2733 
1276 1588 
3603 3162 
2192 4083 
486 1841 
1464 2922 
3342 2918 
2603 1493 
1486 2809 
3778 3339 
3623 2659 
2274 2318 
3407 2555 
4173 4216 
1043 2171 
44 79 
2277 1782 
4054 1856 
3221 3452 
3694 4197 
888 1824 
1397 139 
1677 2424 
3048 4129 
1042 3884 
3010 1682 
3682 3837 
3401 2098 
2799 1095 
2757 2007 
401 163 
3726 172 
725 1291 
1543 978 
1317 1616 
497 126 
3172 1555 
3406 2574 
70 1987 
3984 4132 
3786 1866 
2916 3532 
4222 3997 
1101 538 
89 3427 
2615 2504 
2298 2281 
2218 313 
502 3727 
2488 2139 
270 2460 
2665 2388 
2575 1273 
2966 561 
1796 2316 
4281 405 
809 4216 
2093 2085 
3205 135 
2184 480 
1214 4237 
2395 3091 
672 2634 
1679 1998 
4107 1087 
37 2584 
4276 2044 
3540 3266 
2247 2872 
796 327 
524 2717 
3406 572 
1605 1213 
4067 4045 
1511 3548 
4206 36 
3149 1378 
162 3433 
1666 1892 
2379 3768 
1124 3501 
2846 2391 
3582 2273 
3368 1395 
2459 3404 
718 198 
348 2849 
3963 1582 
655 1428 
3054 3974 
3305 2411 
2011 2779 
2959 2918 
1156 4082 
4064 2912 
1114 2336 
2874 2575 
4097 3862 
1379 2559 
1254 3662 
2732 1997 
4307 4309 
2094 829 
281 3888 
2771 58 
739 41 
747 2854 
3976 3915 
1619 618 
2705 3786 
3490 723 
2039 3406 
743 1596 
926 3110 
757 3725 
4108 1537 
931 2054 
663 1041 
3846 70 
1649 2654 
763 964 
918 3611 
643 4278 
3270 684 
617 2997 
1133 1544 
3873 4158 
1961 190 
2644 2053 
2057 429 
3223 916 
810 1388 
4131 1972 
34 3491 
1603 1703 
2640 1409 
1297 1193 
1252 1892 
566 3434 
2066 1268 
2408 2304 
2143 2804 
3909 3476 
3431 768 
2803 90 
3667 93 
1149 1193 
3735 1140 
1686 3154 
3327 1196 
1517 3133 
3073 863 
1350 2349 
803 2234 
740 1714 
3572 3954 
4294 4274 
859 2535 
3711 158 
3290 1381 
244 2582 
1890 1234 
3943 4260 
3654 2431 
501 2497 
848 2911 
3279 220 
949 1152 
1393 3501 
787 1405 
2755 3901 
4200 3414 
607 1604 
1589 2833 
2653 4028 
1732 3308 
2281 4125 
4297 1853 
20 1578 
222 1265 
1835 514 
1947 3393 
3039 779 
4133 1873 
1428 3381 
2384 54 
1897 1654 
3573 1177 
3580 2876 
445 1536 
2073 3928 
1524 1987 
3516 870 
3450 2391 
753 2772 
2573 1435 
3822 275 
4161 919 
1014 2168 
842 456 
1653 4161 
4212 905 
556 695 
3309 3932 
633 2768 
2453 3198 
3861 2095 
2967 538 
1405 2367 
1283 3799 
3461 570 
3163 2468 
1692 2006 
2419 3633 
2085 1991 
1598 2805 
1212 64 
379 383 
2266 3639 
1240 2025 
3150 2723 
1820 152 
2171 690 
3652 4076 
4042 1100 
3653 2776 
1009 2676 
2665 926 
2516 4276 
4026 2784 
692 2659 
2796 3691 
1121 899 
1593 836 
3386 137 
131 3205 
651 4166 
3820 435 
392 695 
3158 3843 
2999 2439 
3081 2588 
2809 3742 
3540 591 
322 2919 
3187 1346 
2095 2626 
3142 3009 
1008 617 
940 1165 
183 3652 
3366 1949 
2452 781 
3910 3568 
1237 2211 
1949 792 
2665 834 
4064 1014 
288 896 
4142 1714 
2934 2544 
4137 3498 
999 2943 
185 1023 
3567 1842 
2223 638 
791 921 
1542 3706 
4000 3164 
1715 3299 
3992 2414 
1060 3323 
1238 4301 
1732 2421 
3815 4250 
1294 2221 
2084 755 
1314 2269 
1666 1803 
3034 1831 
2230 2673 
505 3440 
2755 2718 
3087 3107 
1922 860 
2872 2185 
3544 264 
11 3878 
1793 1054 
1429 124 
3679 3184 
3801 2156 
1779 4154 
2679 1240 
1818 520 
1920 3701 
2404 4022 
4015 2090 
2341 2582 
1942 1811 
2033 1479 
2714 2659 
1780 3748 
1441 437 
100 3517 
1412 1412 
3842 772 
1350 2298 
3254 1531 
474 1424 
1288 2728 
2845 2901 
3944 1234 
2003 2114 
3205 672 
2768 872 
2978 2767 
1627 4243 
2216 4204 
215 3416 
3245 1005 
3075 1187 
3960 3140 
391 1608 
4132 2409 
4221 3555 
1223 417 
2478 3567 
1505 3509 
586 4128 
4076 3140 
146 1108 
236 3639 
348 1345 
15 1596 
4085 763 
3081 2914 
659 1657 
3101 3348 
3907 1937 
654 2016 
4262 934 
2005 2260 
1651 2181 
1903 2009 
447 3708 
1789 3384 
4207 345 
2636 3946 
381 426 
2651 2861 
2006 3716 
1001 970 
1595 2258 
3439 2196 
751 4218 
1287 1130 
1899 2899 
1372 795 
4096 909 
3636 1055 
3017 3970 
354 3591 
1619 1663 
435 2070 
3135 1281 
3786 4224 
215 1241 
2256 4151 
1890 3562 
3367 152 
128 11 
1734 890 
517 2099 
1030 1912 
963 2812 
1834 4025 
2524 884 
2276 4264 
3015 3123 
945 1437 
2781 2201 
2138 1346 
2237 606 
2850 2791 
2542 2419 
3701 2768 
1770 2914 
3357 1059 
3821 3422 
2054 756 
2246 3152 
979 4171 
861 3183 
3833 606 
3696 3165 
2866 2418 
1421 3855 
3911 524 
2288 1577 
3732 4255 
1304 3662 
2338 836 
3696 3762 
713 4089 
3752 3050 
1324 2796 
2085 210 
1572 1486 
3803 2365 
618 247 
808 2550 
3985 3410 
76 3465 
4303 2384 
521 1766 
1258 625 
1118 3686 
3729 2239 
2444 2383 
3325 1959 
3398 187 
749 105 
2182 3994 
1473 3800 
3293 323 
2827 307 
2660 2622 
1183 2817 
44 2417 
622 3803 
2813 3303 
897 3169 
1892 2633 
977 1528 
2120 2143 
1827 541 
1140 1760 
4170 1979 
328 2003 
869 3807 
2188 1022 
990 2762 
1666 2450 
782 2786 
1758 3580 
1218 2940 
760 2288 
1149 1519 
3987 3273 
3290 3626 
2857 1227 
293 2293 
3160 2759 
3489 2622 
3520 2154 
1066 1211 
3125 2657 
4073 459 
2893 2894 
2256 406 
1512 2300 
2525 2496 
1127 785 
3669 2452 
2715 1735 
4134 3558 
3506 2347 
1831 3869 
3030 1415 
296 3653 
2740 1988 
2347 4243 
394 1896 
150 267 
1255 4123 
164 2508 
4274 1955 
2852 3516 
1334 3302 
3331 1416 
3170 362 
1825 3145 
3824 4296 
733 518 
431 2882 
2568 1254 
1916 1876 
799 1137 
3961 777 
3106 3713 
990 2311 
3623 3091 
602 3778 
1725 3351 
1404 220 
568 3141 
3654 2134 
203 3873 
1116 1085 
503 112 
2379 19 
373 1876 
3207 3028 
1072 3646 
1914 3690 
644 1840 
3436 1756 
3036 1875 
1213 1496 
1823 1007 
3502 2838 
3297 225 
4302 1267 
3090 4091 
2225 190 
3501 2819 
2200 1931 
2841 249 
3060 954 
2012 3881 
2635 508 
1252 1201 
4235 1815 
1247 2148 
520 3732 
267 897 
3839 1107 
3547 3432 
2673 4115 
4002 3505 
4274 3658 
101 1135 
4278 712 
2569 2950 
1411 486 
3333 3789 
3661 1990 
2173 3658 
3064 2834 
294 4044 
3183 3788 
3459 2082 
4111 3320 
3047 1802 
4238 2493 
3396 2866 
3183 1608 
2184 1788 
1811 4226 
3583 871 
1991 1496 
4319 1454 
3921 558 
2367 1824 
1712 2332 
2489 3058 
1710 999 
2624 2145 
4202 3864 
2173 1878 
454 3530 
2071 3415 
1798 4001 
2843 3372 
1115 2503 
2319 2202 
627 2782 
237 1279 
213 72 
978 1555 
1999 3442 
329 3686 
4131 2324 
3156 149 
3418 2559 
2828 1196 
3218 1836 
353 267 
1987 3347 
1521 756 
581 2523 
2619 3551 
1271 4278 
2515 3777 
40 2791 
2809 318 
152 18 
174 501 
2083 2386 
3902 2633 
4140 3068 
4249 4210 
3360 6 
781 336 
37 3637 
3933 811 
4 592 
2616 2038 
685 713 
769 1450 
2242 2976 
3917 4178 
4151 4117 
1819 2173 
4000 377 
4113 2804 
246 1243 
1032 3557 
3374 3292 
3759 209 
3160 210 
17 1979 
293 3809 
762 3591 
1185 2524 
3250 4099 
3195 786 
3776 980 
1214 2908 
1980 4309 
2556 106 
3519 3291 
120 1727 
3450 3483 
460 2770 
61 2548 
1852 2295 
2877 3771 
2011 138 
3371 4117 
2402 3699 
2671 3479 
2153 3477 
2682 1426 
774 438 
1005 2827 
604 1099 
2367 3433 
920 3716 
3836 193 
1458 4022 
468 468 
3324 2028 
1563 3037 
4209 1545 
4000 2859 
2127 264 
192 2043 
1600 2678 
4223 413 
1790 4290 
4280 2725 
1214 3193 
1472 3131 
4194 1779 
2932 1647 
3512 533 
2011 2206 
2986 2079 
3165 619 
1627 2555 
2853 647 
1329 2375 
3627 3035 
2654 3796 
1112 1677 
398 701 
1628 3493 
3062 964 
1330 2750 
2779 2780 
1715 2965 
839 1102 
1182 147 
4255 4202 
1591 844 
3190 4296 
3196 976 
200 3615 
2594 314 
3130 88 
2888 2511 
2339 1138 
3065 397 
2564 949 
816 2795 
3421 4221 
699 4072 
4005 1156 
2228 1316 
639 1 
2270 1579 
3337 672 
224 563 
2812 3601 
1115 3847 
4270 4154 
1957 4318 
3272 1604 
2543 3988 
3983 3993 
2213 3601 
2071 2876 
2737 1531 
2185 2560 
4002 1075 
2111 1418 
3285 1696 
2216 3300 
2506 1809 
822 3035 
2403 1644 
1752 3368 
445 3632 
3142 296 
201 3673 
399 199 
2986 3229 
311 2913 
2469 3489 
1151 3913 
236 953 
776 1600 
2063 2931 
37 573 
729 1345 
3563 1716 
2258 959 
2998 604 
2751 852 
3590 2742 
1934 3658 
2624 77 
4283 2818 
1733 3687 
656 3980 
2789 2544 
2321 3525 
3025 4045 
3086 4271 
3966 1645 
3134 1973 
2538 119 
135 2845 
3496 3140 
894 63 
1494 2918 
537 2452 
2941 2318 
3300 1726 
3292 1685 
85 2813 
3783 646 
1926 3804 
723 3752 
1335 2925 
3397 4078 
1374 3512 
1456 3888 
3676 384 
1999 2152 
781 70 
1782 3653 
1348 846 
55 2284 
1991 2340 
1418 609 
1749 2857 
481 1784 
3248 3574 
2585 1749 
2959 1228 
3819 4130 
1346 1463 
2703 1498 
559 4122 
1979 412 
2919 1250 
1415 702 
3668 2057 
2784 2932 
1335 1203 
2784 111 
1536 2025 
822 3332 
778 1219 
1551 715 
425 1800 
2065 3062 
123 942 
1401 4238 
1794 445 
3345 2237 
1467 1552 
1418 1315 
3707 3919 
3005 3914 
2706 3251 
405 2696 
2690 289 
2679 216 
21 1560 
3795 28 
3525 3782 
347 2267 
466 2062 
1841 1548 
187 2602 
2331 3653 
3243 2429 
3779 4199 
2035 4181 
666 1985 
634 2403 
663 3788 
870 2156 
511 1773 
860 185 
1680 2127 
3183 2394 
2624 1481 
3363 1449 
1055 1660 
993 751 
4 3033 
373 683 
3611 3401 
308 627 
3290 2218 
1145 2767 
1751 1378 
3873 2664 
4059 1724 
3573 98 
2674 2850 
2070 2563 
2911 4248 
1664 3898 
713 3359 
1255 3996 
916 2677 
3916 789 
2712 1911 
3475 4139 
1778 3554 
3835 766 
3360 2228 
3242 1736 
3976 4021 
1793 2266 
1785 3690 
617 371 
1192 5 
169 2680 
1837 574 
796 991 
1395 510 
1077 4112 
2360 2598 
1862 2616 
385 2624 
1691 1243 
2510 3990 
1733 850 
2445 3860 
1582 1543 
1975 3230 
1156 2222 
2900 1297 
2559 2528 
3241 528 
2980 13 
897 832 
255 2292 
4213 2216 
2583 1615 
1169 1169 
2844 769 
2772 1148 
3013 1825 
3967 2373 
1338 1676 
2681 2269 
865 2124 
2717 3462 
1859 2321 
4217 2687 
2340 734 
3522 353 
1810 1729 
320 2972 
641 2969 
1650 1817 
4286 3808 
3628 66 
1529 1984 
3046 3290 
2111 1290 
3718 3049 
846 210 
1426 64 
675 2895 
2643 4013 
556 1980 
646 2248 
2703 3098 
3870 1706 
3484 999 
3142 1086 
603 485 
347 1236 
1380 1629 
430 985 
651 289 
3741 3605 
3080 1983 
1077 4134 
1990 1415 
1159 4181 
1613 1336 
4304 2324 
1561 569 
4177 2854 
1852 3625 
3411 3621 
18 4077 
1125 3960 
178 3104 
818 4165 
129 2798 
1905 2967 
3862 566 
2609 1777 
3074 2703 
955 3997 
235 2088 
4083 1582 
3676 1640 
3643 2430 
2878 3192 
1494 1178 
4209 555 
3217 3150 
2238 4078 
1882 2385 
2404 4162 
4257 2239 
2194 4126 
1075 3708 
4070 1709 
2720 2614 
3468 3928 
996 1862 
533 2645 
4022 1819 
2264 476 
3823 2621 
4126 3536 
993 1603 
412 2328 
2592 3392 
703 2237 
1707 4059 
1478 2211 
3061 768 
3014 1737 
1498 133 
2284 2852 
571 2709 
1635 162 
958 1916 
4073 1890 
2568 1195 
410 1481 
683 1029 
2075 2270 
2226 3347 
240 2343 
518 3164 
1360 3669 
4049 1040 
1540 2002 
723 699 
4227 2276 
3261 4135 
841 2187 
2319 3969 
3962 3682 
3755 2216 
1925 2432 
296 1559 
1939 3465 
1136 2199 
3237 1113 
836 74 
1447 3075 
2427 3543 
1792 1905 
947 2084 
1233 82 
1307 551 
2519 3769 
3781 4102 
2685 4001 
2108 589 
570 980 
1918 2026 
127 751 
1262 3085 
2094 2538 
368 635 
3079 4233 
1144 1106 
1699 2914 
81 1526 
3485 1685 
4048 4115 
3346 4254 
2784 4097 
2891 1421 
3295 978 
2735 2522 
4037 1992 
1106 3152 
2724 3319 
3103 3528 
3032 1758 
3970 2821 
1315 2311 
4161 2976 
4026 2277 
892 403 
3977 1958 
4118 3295 
2974 726 
2476 2625 
1572 1421 
3038 3419 
3165 1670 
1553 2301 
2076 258 
3386 3678 
1617 2369 
31 230 
3885 1860 
1900 1203 
3259 182 
3021 2176 
2359 2648 
3590 340 
212 2437 
1606 3731 
4273 2188 
1159 3614 
1403 1835 
824 2297 
3346 1199 
3552 2010 
2062 3825 
4166 2885 
2034 754 
1413 1986 
215 1558 
426 1322 
4002 4001 
1257 2022 
4172 37 
2302 2878 
157 3477 
2560 1185 
3131 2211 
3599 2683 
137 3267 
2528 539 
3790 2417 
2373 2273 
3117 2448 
2547 1095 
3902 352 
2402 1894 
2171 1861 
2840 3370 
1594 3731 
3725 3278 
1194 1837 
2743 3676 
2683 1473 
2987 4049 
1050 1777 
1665 3876 
1281 2591 
1385 2256 
3505 1628 
3848 1166 
3717 2420 
2191 2934 
2653 3551 
579 2187 
1528 1082 
2133 322 
314 2719 
1473 1685 
2339 3249 
101 2179 
1825 894 
1821 3290 
4195 2427 
2858 1041 
2144 2737 
1931 3009 
2115 1286 
908 2229 
3278 585 
918 902 
1827 3003 
32 1162 
273 1371 
2054 555 
397 1845 
461 1738 
221 3840 
814 1087 
580 1951 
333 2390 
3929 2270 
2353 3234 
2145 3892 
2128 1995 
449 3775 
4271 1812 
4017 2239 
471 760 
1064 3563 
762 3741 
3825 1032 
252 379 
710 3512 
3382 1069 
2443 1754 
9 2642 
4142 2743 
3774 2012 
2915 194 
1007 1282 
3860 3143 
3453 855 
1049 3620 
3726 4303 
3518 1615 
3226 1307 
3876 1228 
1794 1123 
874 3225 
2185 571 
151 987 
1926 3228 
3804 3420 
2329 3151 
3633 3447 
3839 720 
508 2992 
2592 2613 
2679 1855 
2709 3973 
395 769 
3528 203 
3208 2016 
1332 2260 
3058 1277 
1369 1851 
1582 2092 
2555 1439 
4170 2274 
3399 434 
3170 4197 
216 848 
2253 548 
4090 3086 
2444 1538 
2328 3411 
3344 3773 
1033 2216 
999 3438 
190 1920 
2058 527 
3592 3280 
3810 3260 
1737 1717 
1406 3756 
3889 2517 
2343 4127 
3678 927 
1327 1875 
4220 4205 
1826 55 
3114 3546 
1420 3740 
4195 2874 
125 1796 
3894 3133 
1039 2226 
3551 1363 
870 423 
1195 1824 
290 1900 
737 1885 
3267 273 
2380 90 
2989 3946 
1767 588 
899 3950 
2542 3194 
2331 2710 
1298 2151 
752 3296 
133 2743 
2450 4050 
696 1559 
716 591 
2988 1786 
2487 2304 
3508 3792 
1161 2314 
4040 1054 
3151 1309 
1757 3917 
2840 2237 
3419 554 
2252 1168 
4052 2649 
505 3196 
2809 1274 
360 479 
1135 4049 
1492 4265 
1020 2343 
446 4140 
864 3444 
1556 949 
2550 4152 
2828 1678 
3777 4305 
930 3863 
2552 767 
1244 1019 
801 2309 
2657 3997 
3934 980 
3436 1110 
3550 2053 
1747 4032 
2715 2584 
3617 1015 
1679 2559 
1378 3498 
1818 1169 
3994 3924 
3484 593 
2588 2508 
776 2444 
1930 3155 
60 2794 
581 1903 
1546 3181 
237 3363 
67 3664 
3102 1911 
2676 3277 
1388 3402 
2599 3748 
227 1196 
2141 1568 
3050 1479 
1399 897 
2650 2457 
2195 3285 
819 2056 
3665 3870 
3596 1912 
297 4172 
2304 2214 
3466 1640 
1542 633 
3920 3111 
2969 745 
2339 326 
1413 3515 
1684 3081 
3616 3426 
4265 1497 
3764 1240 
2975 3324 
3026 3697 
4221 1252 
364 2491 
3608 1491 
2090 372 
3259 2035 
216 1357 
1344 2350 
1041 319 
3586 3914 
3110 3475 
2286 1446 
3714 3862 
3103 1622 
179 2526 
50 208 
3060 3853 
1005 3240 
202 3339 
3219 142 
3925 2276 
2297 3523 
1495 1824 
3460 615 
2815 457 
871 951 
2769 3332 
784 2703 
3291 9 
2450 4066 
2081 177 
2610 2928 
1482 4205 
4287 2271 
3679 416 
1621 2266 
744 4272 
1309 3301 
202 219 
147 3687 
904 778 
4252 1360 
3097 1251 
2966 2572 
2643 735 
211 4073 
2591 4001 
4021 2445 
775 3322 
3287 455 
3860 2489 
2914 3124 
224 507 
2034 627 
616 3929 
2798 1465 
3320 3764 
1647 2502 
1336 2211 
3061 2323 
3132 3865 
1576 1531 
499 2082 
348 1690 
2245 1206 
2450 2760 
676 4271 
2768 1084 
3422 424 
3114 670 
3830 2983 
407 2661 
3207 1963 
1719 3300 
3158 2071 
2043 2718 
3774 3626 
451 81 
1742 2109 
1308 2001 
450 2834 
159 2230 
795 2284 
1945 1493 
2351 1610 
897 2115 
933 1417 
2268 2888 
1996 2570 
1381 4132 
3187 3445 
3015 4065 
4262 595 
84 4151 
2152 2122 
923 248 
2058 3951 
971 1112 
1032 3901 
3592 3998 
3945 1735 
2884 2457 
2309 3089 
404 2153 
154 1947 
4119 567 
4074 3581 
52 4035 
1412 1220 
151 3587 
2340 1014 
1472 610 
2010 3119 
1690 2845 
994 2493 
3588 3041 
3625 2054 
3477 2313 
614 2365 
605 835 
2218 728 
3439 2983 
3639 1722 
2481 4078 
3358 2619 
1185 3327 
4111 1355 
3 2515 
3155 522 
44 2570 
443 1117 
184 1487 
1732 2967 
2622 2134 
3682 2991 
694 140 
1080 3287 
1761 3716 
1350 1437 
2858 976 
1109 3675 
3330 1218 
2053 2122 
2611 255 
2225 650 
1323 3889 
1001 825 
461 3227 
1957 3158 
2178 3247 
1058 1975 
1385 2108 
1404 2921 
2188 571 
2034 645 
314 4010 
1412 2293 
1431 1280 
2238 2537 
1831 2403 
2089 1990 
54 3518 
1304 3260 
1646 887 
3241 1037 
1529 271 
2921 3983 
3333 91 
3163 3916 
170 2564 
884 831 
2360 3213 
389 4206 
2762 4076 
1576 1602 
689 3005 
4002 1192 
3316 2591 
1860 1615 
4081 1495 
4034 2438 
1737 138 
3650 3136 
1063 3809 
3747 896 
4147 686 
2370 4068 
1630 34 
20 2922 
3319 1715 
562 2138 
568 2242 
1300 167 
1978 460 
3561 1906 
3756 3235 
2083 1961 
4033 3607 
4205 2378 
3690 2815 
2765 1408 
472 264 
774 2471 
1648 2302 
1559 2516 
4314 2511 
1933 3584 
3773 4274 
1630 555 
2659 321 
492 366 
3329 158 
1268 2036 
1682 165 
1944 292 
765 3200 
1178 369 
4274 3219 
2466 4264 
3538 3025 
3135 10 
1586 1358 
3865 3015 
1777 1764 
1332 665 
1416 4313 
3267 3149 
3686 1610 
4088 1527 
101 356 
3252 4049 
1027 2 
1190 2439 
2811 2577 
3333 1259 
2639 1136 
1202 168 
3751 3322 
1474 3465 
556 4065 
3992 3216 
963 3244 
1416 3615 
2325 1436 
4261 4127 
1452 1608 
4294 4174 
1023 4129 
2205 3378 
3010 89 
3462 1216 
4100 946 
1080 1090 
301 1508 
1000 3765 
3121 1347 
175 789 
1489 3392 
3847 3352 
2023 871 
3693 758 
961 4118 
3483 1937 
215 1876 
3581 3719 
3806 1839 
247 422 
538 328 
3418 2939 
2474 2533 
3394 503 
2258 242 
1735 2414 
950 3622 
719 1790 
2171 691 
1171 3309 
1983 2154 
1561 3712 
1289 2105 
30 3173 
4032 3188 
191 305 
3524 3200 
2149 1574 
3134 2853 
107 526 
1117 428 
4204 4154 
224 1798 
1398 2886 
2218 2650 
3322 3500 
3555 2541 
4291 3446 
258 112 
2529 261 
3877 1178 
3818 114 
1140 685 
2787 3392 
2228 2590 
961 2071 
4187 2810 
2435 2687 
626 2079 
3403 358 
1265 2996 
920 1251 
197 2131 
4228 3762 
3493 2249 
135 420 
672 982 
2419 234 
538 1859 
1579 4013 
2897 68 
3783 1738 
382 2445 
83 2922 
3132 507 
1465 2208 
1084 1586 
4229 2787 
1910 3718 
1432 1369 
1951 2194 
390 1286 
2700 3050 
2963 3419 
2537 631 
1642 3321 
2310 4215 
415 3736 
617 4282 
1474 901 
1021 505 
2427 3674 
1042 885 
129 369 
2422 1078 
738 4037 
819 3809 
3085 2896 
3994 3412 
965 277 
1973 2880 
1013 2122 
3035 780 
2977 67 
1612 2303 
4097 1745 
729 570 
1894 4253 
3909 3761 
1907 4243 
1344 1090 
4194 1829 
233 3419 
3082 1888 
2438 3557 
2175 451 
3515 2462 
1090 1994 
1089 562 
2482 3591 
2577 1941 
2617 3692 
3290 3304 
1796 1871 
868 2348 
2619 1367 
2999 2212 
3729 1542 
4050 2056 
1379 1407 
2115 3734 
2058 3113 
599 1785 
4198 1754 
1556 2863 
673 1574 
3995 3010 
3917 517 
635 2387 
728 31 
1046 342 
3963 4195 
1935 1147 
337 3975 
22 3395 
1122 2569 
8 2403 
2868 1804 
1054 862 
789 3088 
475 1500 
3079 1897 
3781 2599 
3819 1125 
86 1736 
375 3513 
655 2283 
3952 587 
1636 3460 
2278 3071 
2130 954 
3760 2505 
1469 167 
3873 2247 
3652 1401 
1274 1938 
3013 745 
3549 3652 
3387 3924 
1322 331 
1528 588 
3260 3390 
694 3982 
4219 2463 
3476 1181 
1041 2942 
980 1044 
2293 1435 
3036 1730 
3622 3954 
1909 4088 
980 4115 
2275 3008 
3401 129 
2393 3388 
905 902 
4085 2456 
2024 293 
423 784 
2126 1287 
1471 2405 
1531 715 
2804 2292 
822 3670 
3256 3217 
610 809 
754 1843 
83 441 
3044 3769 
3402 3394 
3121 139 
1680 2710 
2044 2724 
2286 2396 
1830 3874 
1093 2552 
4284 2254 
2889 1811 
43 280 
3723 249 
1863 1963 
1286 1472 
3942 3742 
1641 4275 
2522 830 
3225 1342 
1027 3640 
2695 3722 
2123 1508 
1503 1238 
3787 3497 
1381 4313 
2403 2538 
4020 3966 
3761 2953 
3172 536 
4225 3269 
3799 871 
2823 1700 
956 1748 
2754 2591 
1038 1109 
2342 2886 
2864 922 
1534 1911 
78 158 
3771 2500 
1426 1751 
3334 1023 
2627 689 
4165 3206 
1628 3108 
2217 888 
816 1995 
717 275 
1419 1782 
3569 2597 
916 786 
4293 2338 
2535 1086 
1480 4016 
482 413 
3237 1022 
1153 1066 
2623 1900 
1241 3528 
3567 377 
351 2473 
1984 724 
3932 3704 
3589 1480 
3438 2077 
58 605 
2942 333 
2217 970 
483 2984 
1539 1998 
1471 1246 
1092 1591 
3583 146 
455 3908 
2727 1966 
1228 1938 
1567 1056 
1836 2548 
2099 1205 
2075 1139 
4087 4121 
4132 1503 
2494 60 
81 3828 
304 1935 
1701 2522 
260 1614 
1440 256 
3319 692 
3544 4135 
3812 207 
3270 793 
402 1292 
3481 2343 
1720 955 
1720 1065 
573 4284 
232 2737 
1941 513 
325 4038 
3512 2315 
770 1994 
3714 1773 
2325 1821 
4196 3728 
2962 2693 
2571 3887 
2206 899 
2275 226 
2402 1484 
4315 2091 
2726 1769 
3471 2115 
1026 2619 
478 442 
3569 902 
2006 91 
1436 755 
428 2093 
4012 842 
1046 3736 
3264 2553 
4141 2837 
1415 826 
2022 2228 
933 265 
937 3273 
3115 2222 
648 1403 
1634 1578 
785 2623 
72 3286 
339 649 
851 561 
3744 1351 
72 2041 
469 1034 
1557 2979 
2634 2514 
562 1544 
2198 958 
458 2355 
100 588 
4172 3873 
2567 2651 
1726 2918 
3932 2108 
2339 2808 
2496 4032 
147 989 
617 3011 
1879 1103 
2056 1503 
2592 2866 
1218 3295 
722 3261 
3056 2399 
3282 2139 
2460 1373 
2939 573 
3785 498 
461 92 
1806 2929 
3994 2253 
187 2776 
3655 1842 
3803 1718 
740 3961 
475 1068 
261 1862 
3070 1386 
2177 2470 
3611 3317 
4154 249 
667 3635 
3303 180 
2174 3375 
3237 3164 
398 591 
1623 3026 
874 3268 
3081 2768 
3256 4091 
818 2915 
2508 24 
1502 2435 
2270 4034 
350 3910 
1457 422 
2104 2727 
2633 3975 
410 2942 
2352 2825 
4272 1364 
1800 935 
1122 512 
1188 3994 
3207 1345 
2066 1465 
136 2784 
3303 2078 
3840 2928 
2832 616 
717 3370 
2751 3223 
2087 2227 
1303 3660 
2746 519 
2996 2126 
2213 834 
3288 1150 
2958 2781 
121 3772 
1896 3116 
4143 4261 
22 43 
2598 1017 
2965 2406 
4224 1555 
2782 4098 
2914 3091 
4023 2357 
463 1897 
69 1124 
3124 3491 
3232 572 
2530 1307 
1619 2295 
3303 2676 
4305 894 
720 3766 
3267 373 
1709 885 
830 3456 
829 840 
3997 308 
3524 2115 
4177 3343 
3481 513 
565 1379 
40 180 
1397 4135 
467 1769 
1678 1242 
2726 3326 
1527 1550 
2154 1384 
2708 3863 
1578 3359 
1655 2491 
3728 1397 
3758 837 
1267 835 
1414 55 
1836 1432 
770 2279 
2123 2795 
3706 3065 
3105 418 
1947 4268 
2179 3953 
2642 2652 
2441 2188 
909 3500 
405 3755 
3528 1507 
4071 2529 
591 1151 
746 2545 
2867 4286 
925 3791 
4214 743 
3347 3483 
3442 2696 
634 400 
356 645 
1825 1015 
3464 1332 
1870 2770 
106 2771 
3864 867 
577 2425 
295 985 
1715 674 
3931 4011 
247 702 
3522 835 
1727 3396 
1924 1992 
349 2530 
1503 1833 
1633 2020 
2090 1808 
1022 3384 
1719 1286 
3439 2827 
1810 3583 
807 2968 
1338 761 
2083 1730 
2453 3887 
2490 3243 
4265 3896 
912 1126 
2932 3884 
3319 398 
3292 3542 
1126 3433 
3043 4231 
2954 1727 
2820 1970 
2764 3241 
2565 1360 
2064 1427 
1320 3737 
3843 2798 
1200 2107 
2604 3957 
374 1734 
1168 3163 
25 3732 
2022 381 
1207 204 
4079 2641 
1152 3462 
1546 3439 
3662 309 
191 1615 
3985 1828 
3352 3336 
3680 995 
77 2502 
2656 887 
1336 64 
2242 2577 
4255 2648 
2264 2986 
1672 2522 
2492 1571 
1857 3834 
3355 4128 
2453 1836 
1202 2278 
735 2166 
4276 2942 
2398 4147 
2430 1266 
1301 2446 
201 3799 
643 786 
1025 38 
1468 2467 
2351 3537 
3056 115 
244 3617 
666 2862 
3762 3991 
241 3623 
4051 173 
1314 3455 
3574 3171 
2819 1334 
1792 2998 
1956 208 
279 2978 
605 3831 
1299 1654 
3210 3172 
2121 1706 
4053 1951 
3243 760 
4096 418 
1234 3338 
3509 1708 
2794 1976 
3433 3410 
3485 1977 
2203 551 
2134 2320 
1241 3067 
1434 3230 
1333 3058 
2279 2766 
3988 3994 
3197 2560 
4116 1685 
1158 1963 
1822 4062 
2874 1152 
1655 507 
3207 3497 
1381 2084 
1782 1748 
1554 3553 
435 2615 
1823 2420 
1960 3583 
3554 2626 
2723 3175 
1612 3890 
3200 898 
1876 1814 
3968 1574 
543 1341 
362 3089 
3099 2421 
3449 2819 
265 550 
3542 3664 
3168 1944 
4294 4247 
3642 3542 
1644 2948 
3825 2927 
1668 2392 
232 3139 
812 802 
3733 3190 
3808 2802 
4084 3808 
4279 3083 
759 3316 
3931 3704 
3933 346 
2870 1050 
1019 3288 
2263 325 
3972 335 
1510 2134 
733 3896 
508 3267 
2386 2220 
1382 2351 
1947 3628 
901 3402 
4205 3036 
647 4163 
2566 796 
2748 1556 
1972 3524 
2696 2767 
409 373 
2024 3754 
2276 1592 
2124 976 
3810 633 
2383 3637 
485 1067 
3293 3108 
2355 3968 
414 3533 
729 3826 
2845 3315 
4196 2048 
995 1916 
2967 1234 
1031 3422 
3626 1599 
1885 2486 
1882 3186 
3641 1370 
2599 3637 
3819 2798 
1696 1016 
2300 1483 
1568 2429 
3933 4172 
2732 3244 
2353 4014 
824 3507 
254 4322 
3763 3017 
4084 2993 
1188 4207 
2153 1868 
3914 2659 
2796 2004 
2044 1308 
1855 2810 
3450 2818 
282 2121 
3756 4310 
1236 455 
355 1406 
3736 4228 
875 3792 
940 1137 
3086 3897 
3918 372 
579 667 
3491 1341 
1995 945 
1940 221 
552 538 
3596 1025 
3451 921 
1732 2564 
3125 30 
1041 3971 
3909 1800 
3596 1930 
4015 641 
2229 2868 
1886 752 
893 1499 
1526 3806 
636 1362 
58 4007 
823 2630 
741 2842 
2061 2764 
1503 1342 
3518 892 
4123 828 
38 1905 
4194 2311 
3122 2103 
3211 2249 
3037 2029 
2701 1019 
3259 3121 
2487 1408 
2892 166 
1705 3745 
4069 3600 
288 1132 
66 1450 
1185 1127 
3615 3217 
3771 2449 
833 2300 
3239 1578 
2354 2540 
1537 1909 
3920 2155 
2354 3118 
2946 169 
443 575 
2223 2620 
3374 1514 
2869 1956 
3793 434 
3343 2597 
2031 3011 
3530 248 
3320 1640 
506 1569 
2518 981 
1165 3361 
1866 758 
3876 3588 
1422 3574 
1242 2786 
1874 746 
2238 99 
3617 2803 
1147 2480 
840 3020 
3421 1924 
918 2733 
3849 3644 
3482 3527 
2885 2989 
1860 1441 
3971 3729 
206 954 
1944 3642 
2905 1394 
3821 1980 
337 2119 
1258 256 
278 4195 
3040 31 
380 1494 
33 1711 
1361 1724 
1748 512 
2086 2476 
3596 547 
188 894 
633 237 
1312 1276 
1812 1517 
2873 4213 
150 4117 
1419 2491 
1188 1657 
4271 2756 
1691 1132 
4280 3318 
3316 1091 
2501 3019 
74 2779 
3876 3786 
4300 3089 
608 1589 
791 2261 
1225 3005 
759 2926 
3036 3296 
1459 4050 
3571 3793 
4203 2410 
2818 742 
1734 593 
2445 626 
4243 1603 
1861 3048 
1015 2802 
1168 3112 
3822 3598 
3410 1879 
1365 1591 
1550 3182 
3183 817 
1999 2370 
151 99 
3408 415 
1206 2133 
4043 728 
1202 1921 
1849 1106 
3428 33 
398 2164 
4172 1184 
4227 2332 
3537 3272 
3705 2515 
1531 3861 
3171 783 
2598 1718 
2643 4230 
4197 2207 
1490 491 
3398 2785 
1199 4317 
2061 4000 
1083 1373 
897 3964 
1062 565 
3682 3771 
188 2205 
1381 1116 
3838 4014 
2004 1193 
2706 1518 
1260 3077 
210 1331 
1663 3354 
3256 2859 
1201 662 
1377 3050 
1126 2379 
1408 1194 
3607 454 
3753 1792 
254 519 
949 2092 
2413 1941 
4091 2947 
2789 622 
4128 3181 
1732 777 
364 2311 
3836 2304 
1326 2720 
52 2278 
2300 2049 
3755 1865 
1215 3310 
851 2200 
2314 1558 
2636 2162 
1963 974 
1663 2079 
1632 2663 
1362 1253 
1337 3764 
1354 3653 
4296 532 
4274 2659 
380 3116 
2500 4309 
1452 2795 
1190 1507 
3785 3937 
1467 3700 
3607 2299 
1790 1031 
2467 1336 
2667 2068 
1108 1922 
1317 1283 
3169 2147 
4286 2580 
3201 1886 
2288 4062 
850 757 
3926 3386 
1563 1343 
2180 1036 
131 987 
46 3890 
1876 2835 
1695 31 
354 3553 
2899 2014 
1325 2822 
1174 1034 
2502 2968 
3737 3987 
2971 3749 
468 3788 
3869 210 
992 3422 
3784 660 
1450 2536 
3295 2640 
2837 681 
1639 2240 
4043 1080 
1964 845 
2076 2120 
2216 2353 
1234 3544 
1757 1039 
1567 537 
414 1704 
836 1533 
1795 2980 
325 2900 
2519 111 
652 98 
3274 2912 
2797 3372 
4264 3061 
3730 234 
74 4305 
2657 140 
643 3051 
1749 3808 
438 370 
2514 3274 
311 3479 
1277 2051 
226 1587 
2517 4027 
216 1862 
370 1169 
3977 3910 
3087 3769 
2150 975 
4271 636 
3461 1177 
1348 889 
3955 1199 
3310 1461 
3682 2136 
2364 2525 
687 460 
1886 1882 
4283 2692 
1490 3759 
3605 809 
1596 3873 
2917 2499 
2197 1601 
3005 3610 
3202 487 
149 3788 
2842 1566 
1138 4204 
228 2960 
794 3426 
2094 3752 
4067 2972 
3472 68 
716 1555 
3437 4312 
477 3979 
1103 1830 
4229 751 
441 2191 
676 1342 
2152 631 
1785 2975 
3204 4067 
3438 2207 
3916 91 
2883 3840 
833 329 
4148 2903 
4071 3147 
889 1748 
3722 4221 
2339 257 
3316 3039 
3158 1381 
2185 3460 
2523 2188 
1387 4133 
1707 3208 
3215 251 
1795 3610 
385 2241 
2806 3945 
27 3416 
1532 2670 
63 1942 
2160 143 
1781 2012 
249 1734 
2009 4266 
243 3538 
985 3893 
4278 2796 
2355 3430 
2251 3125 
3615 3205 
4143 3982 
2961 47 
1079 2041 
22 1333 
1200 747 
3528 1502 
3146 1338 
234 425 
48 3982 
2959 3827 
704 470 
295 997 
940 594 
1017 1106 
685 1856 
3440 1752 
1980 1398 
3532 1365 
2908 1317 
885 1497 
1509 2410 
1055 3079 
24 4051 
2699 2369 
1634 3255 
3980 1065 
3043 2865 
2018 3737 
4130 3600 
2811 814 
2062 3509 
1789 1363 
19 777 
106 644 
1529 2087 
2966 133 
2285 3272 
3627 1296 
232 723 
773 346 
4006 1505 
4081 406 
2112 3710 
816 2612 
3326 1968 
1893 4174 
3490 530 
3027 1108 
1558 1873 
1506 584 
1591 714 
243 2808 
111 2559 
4146 1659 
1656 694 
2011 3000 
3084 1978 
2267 788 
317 2096 
3853 1247 
1189 1070 
3078 341 
3139 1936 
3551 2395 
2568 463 
3723 1261 
2922 4233 
2601 1522 
1040 2649 
3249 3818 
805 3483 
1818 1241 
2102 2053 
3959 3452 
3108 3903 
3592 3995 
1189 2100 
2212 3785 
2792 696 
1290 3320 
637 2540 
2704 3971 
443 467 
1946 78 
582 3720 
3057 2365 
3582 171 
1352 2111 
3526 1620 
4170 1536 
833 2253 
3624 103 
3752 2072 
3446 3501 
3581 578 
2034 4007 
2349 872 
970 3290 
1431 2580 
940 557 
2753 2414 
2944 4246 
2328 3558 
3975 797 
203 1932 
1688 3221 
946 2840 
121 964 
2755 2658 
1123 3267 
444 449 
3362 3087 
1599 4285 
91 3384 
1177 2613 
3663 1049 
2142 1463 
3296 1676 
1579 703 
2956 2195 
1 916 
1792 958 
380 2183 
3791 2321 
3107 2807 
34 2542 
2932 1069 
2743 3825 
3281 3000 
927 1898 
498 1427 
3512 1230 
2226 4142 
1979 1881 
3336 1590 
971 4259 
1862 4251 
2228 3543 
2708 628 
2433 138 
872 4296 
1644 2092 
2272 2758 
4209 289 
2057 1911 
1361 201 
2577 1333 
564 1125 
2024 3240 
669 2529 
1093 3034 
284 3564 
1937 3802 
3297 19 
1118 1994 
2069 2934 
279 2705 
1761 1765 
2599 1817 
1546 515 
2924 2335 
249 1232 
234 3173 
2123 4136 
1991 3720 
3572 476 
1680 2544 
10 300 
1471 2839 
366 3462 
4234 4097 
3611 70 
3595 2840 
2436 371 
3631 1311 
4023 4213 
2060 2611 
3411 3647 
2350 1949 
3293 1713 
3798 961 
873 286 
1640 3369 
1844 837 
3138 3638 
1263 3731 
3439 3164 
2312 2935 
1299 2103 
1693 3840 
776 377 
2565 238 
4309 338 
2206 2427 
892 1596 
1040 2203 
3228 1390 
343 1534 
4242 971 
1937 7 
1227 1332 
2558 943 
2246 3887 
1261 3848 
1606 795 
2861 3371 
3722 2738 
2699 1962 
3693 3216 
2488 2817 
2159 59 
1643 2409 
1560 4066 
1002 2750 
3903 3670 
1498 1725 
2417 2919 
2806 1449 
731 3909 
2217 559 
3686 3481 
1756 1209 
3770 1896 
1773 2007 
3429 93 
1783 2638 
1354 165 
1106 1949 
4311 4086 
4120 536 
3138 1619 
348 3708 
3849 941 
2199 1542 
1089 157 
696 3098 
2353 3516 
1549 1335 
1942 3879 
2768 1311 
3181 2959 
305 3288 
2042 92 
2144 648 
3949 4172 
3673 125 
2690 3189 
545 519 
2245 1539 
622 3743 
445 4257 
1968 2775 
696 4269 
3599 3101 
4175 1595 
1313 1191 
3276 3911 
589 2813 
3119 3959 
3504 273 
4314 3177 
3822 843 
3918 1867 
354 1731 
391 4201 
3752 3455 
2946 306 
2021 4299 
1582 3941 
1501 2342 
3230 2067 
2617 3934 
3099 4016 
396 2233 
1729 2213 
3337 879 
2476 1618 
1207 1603 
3445 2544 
2140 3837 
1614 3118 
3536 2691 
2685 2547 
1067 2246 
2574 1425 
4222 2987 
4066 3229 
2625 2338 
3650 2671 
3494 2883 
2862 2312 
2709 1360 
1921 1338 
3365 3410 
4122 1311 
3286 2646 
767 2298 
457 550 
2441 85 
3100 1108 
2562 1509 
2938 368 
385 1378 
1467 60 
410 2540 
546 4079 
2973 1873 
2814 335 
88 1026 
2670 2085 
2568 462 
2724 1237 
3689 3093 
3724 3842 
2910 2659 
971 2546 
4170 2700 
2944 3093 
1719 1947 
1998 1034 
4147 1739 
2671 632 
3366 994 
2361 4087 
4034 1579 
2698 1743 
834 1846 
1898 1778 
976 109 
795 2927 
502 858 
2074 803 
2621 1789 
3788 1050 
1221 1203 
3261 3865 
828 2580 
2183 2823 
3392 3558 
3184 3549 
560 2513 
1281 477 
3556 731 
797 1982 
1926 811 
1557 608 
186 579 
3341 530 
3313 647 
904 3285 
2453 3680 
3071 2899 
4045 1397 
840 4025 
2635 3845 
3909 2101 
1667 3405 
1781 1443 
2505 2177 
503 1723 
3680 663 
2525 1136 
1408 11 
4043 1515 
2064 1971 
3168 4237 
1372 362 
1126 633 
4306 1471 
523 1554 
4051 457 
989 1026 
648 1323 
3552 398 
3511 4280 
769 4272 
3307 1192 
2206 417 
2427 2330 
4257 2465 
1830 1883 
3928 2822 
558 2696 
1547 3533 
2242 866 
2679 459 
485 1505 
336 1444 
2294 3396 
1345 1208 
1631 3715 
835 1708 
3206 611 
414 2301 
2095 883 
2947 1408 
3822 310 
3912 2768 
1402 3101 
3785 1646 
2842 1690 
1045 39 
2852 126 
1866 3894 
1886 899 
3142 2475 
2338 123 
3315 3677 
1401 571 
1213 1169 
777 3335 
2420 4120 
1716 1943 
959 3719 
3488 3514 
2920 1147 
4293 2556 
548 1444 
2868 1361 
377 390 
229 578 
655 1026 
432 3306 
1979 3947 
1162 3376 
606 1512 
3207 2382 
706 1732 
4293 987 
3440 1363 
3533 3124 
1887 3335 
137 2991 
557 3896 
3258 2881 
3055 349 
4176 1841 
2980 3896 
1010 2143 
4110 1670 
2299 2943 
1871 4004 
761 845 
800 3113 
365 4005 
528 2063 
1611 2141 
1996 233 
116 154 
1112 3121 
1579 2481 
2763 1461 
3434 1450 
2285 2997 
4068 3376 
2070 3871 
3205 625 
1027 1504 
1154 2630 
2655 3096 
977 2651 
562 979 
4081 1904 
3293 130 
338 2637 
28 2575 
3805 4155 
2479 284 
129 3699 
1924 1335 
2161 3062 
2293 22 
3367 1658 
1342 1561 
1872 3845 
4214 1964 
2909 715 
3424 326 
541 3446 
3883 2311 
2043 657 
3265 3855 
1188 391 
2492 249 
2951 661 
2311 1203 
1095 292 
1345 1770 
2466 2865 
1942 1842 
3505 3531 
1141 606 
1988 3398 
3226 1673 
3450 3509 
3636 510 
3112 1312 
144 1155 
1237 2676 
4009 4088 
3795 3306 
1231 1925 
2488 97 
418 764 
821 2715 
2560 3849 
2875 2386 
2347 2651 
2726 2422 
1421 1275 
4206 1383 
1571 3732 
1604 1444 
1259 4147 
2250 479 
1916 760 
1024 1670 
2013 227 
1023 4312 
3038 794 
4116 1182 
3817 256 
271 3703 
301 3908 
3734 406 
1560 3554 
2434 3697 
2327 731 
3634 2459 
1227 3442 
1703 1619 
1418 2603 
3121 140 
4128 3657 
1686 4126 
3137 1327 
1454 4015 
1100 2606 
4199 3589 
1783 4245 
1137 4100 
1746 3679 
2177 1986 
756 789 
1920 4039 
1273 3043 
3351 3387 
625 2819 
3472 3132 
713 1136 
2698 199 
565 1657 
4272 1589 
1792 1038 
2613 2374 
3174 3376 
2519 1881 
896 3880 
2850 2294 
2771 4072 
3039 101 
2952 3428 
2714 1478 
2791 2511 
2199 3665 
321 3727 
3226 3518 
1587 2006 
2436 3175 
1351 80 
13 2257 
4304 1539 
2999 3520 
3348 1080 
2576 500 
4028 3330 
1929 1053 
3856 215 
2999 1219 
394 2469 
4142 2345 
3892 805 
572 1204 
2766 3079 
3567 4189 
516 3076 
3727 4103 
1144 1181 
3510 2087 
866 2542 
3236 2740 
585 3146 
3766 2975 
496 3444 
1899 1082 
2326 4129 
607 639 
3219 3186 
3788 1561 
3284 562 
2507 668 
4065 2036 
2122 220 
4190 4141 
952 843 
849 2832 
3866 451 
4029 3974 
4077 686 
1560 3389 
2138 1442 
4033 1470 
1769 326 
409 2834 
2858 3475 
220 2474 
3430 2507 
3813 3504 
388 3794 
3253 3783 
2229 927 
1414 949 
1706 1516 
2063 2795 
537 1564 
840 1496 
655 3828 
182 1931 
1553 2489 
2420 3068 
1911 4043 
2207 3212 
2123 3808 
3565 3121 
576 2219 
2011 3777 
674 1095 
3518 772 
705 4178 
2915 3625 
3131 2627 
2200 2861 
1767 3414 
3382 1572 
1370 1434 
2389 4117 
797 2197 
498 3006 
4238 3934 
3647 3530 
3587 208 
885 3404 
4071 125 
1130 4035 
1947 3925 
224 722 
3443 2152 
3441 2855 
4033 1231 
4204 411 
182 306 
3629 215 
3338 3576 
546 2244 
1996 1982 
1151 188 
2153 1819 
2037 3218 
2156 1885 
4297 962 
1619 1871 
3014 3083 
2094 1023 
2753 725 
352 1759 
57 4086 
780 4074 
2023 2993 
1692 140 
382 3225 
185 3696 
2787 3252 
903 318 
2038 1285 
227 3570 
1501 4039 
1667 3467 
3948 1435 
4282 1139 
2355 3879 
3534 2189 
4154 2746 
1364 3422 
1712 2360 
3167 385 
25 2471 
1951 4188 
4123 2472 
277 3913 
1578 372 
329 4004 
1543 335 
3599 4028 
649 3886 
640 1272 
3959 2681 
998 3831 
2790 752 
3963 411 
3190 299 
2365 986 
1547 1709 
2807 4189 
3009 2017 
2835 1427 
1201 2668 
4031 1072 
1622 1015 
806 1963 
1548 1043 
3077 1604 
1863 4162 
2277 630 
2786 1752 
2667 2763 
3553 2649 
3828 147 
564 1699 
2826 415 
4318 1050 
53 3992 
1427 2082 
85 3550 
4069 3386 
888 551 
3085 3995 
2269 625 
1910 3448 
2671 2591 
2118 952 
1527 2160 
119 3804 
3962 1477 
3205 1991 
577 2405 
898 1584 
1226 4266 
156 1728 
2131 940 
3118 2748 
566 1557 
2746 1799 
3523 3497 
117 3245 
2641 104 
2841 2385 
3491 2636 
1355 3297 
2353 1622 
3562 323 
229 60 
1615 2471 
3826 2054 
2083 1743 
2913 667 
1525 1896 
891 1598 
3237 1738 
4290 1973 
3794 4090 
3297 343 
2041 4181 
720 2293 
3255 2373 
574 4277 
3148 983 
2156 980 
1167 3868 
41 3197 
2585 3628 
2247 1536 
1275 3354 
908 2959 
30 3462 
785 1700 
3836 116 
2552 2428 
2851 1999 
2912 38 
298 731 
1024 3630 
1723 3030 
1142 2426 
3419 3546 
3764 701 
3306 2145 
1827 2292 
4237 2012 
2992 2951 
283 164 
306 1474 
3384 1787 
1996 505 
4011 3303 
598 3507 
2519 2477 
417 3061 
1481 426 
3533 2016 
4068 588 
4248 1204 
3942 2557 
597 2876 
3526 671 
1714 1878 
1353 2977 
3833 2622 
2194 1930 
881 538 
3183 2310 
2450 3528 
2565 3040 
955 2987 
2656 3104 
2257 1843 
2396 2923 
864 2301 
3149 523 
2068 2654 
2802 3806 
2951 802 
2062 2087 
1492 3989 
2800 2943 
3342 2729 
3286 436 
467 1121 
3503 4207 
3673 1967 
1384 1131 
708 4181 
661 653 
2277 478 
2141 1529 
1246 1092 
2437 752 
2209 1318 
1627 2268 
3567 2106 
4123 3328 
2174 3686 
329 3748 
3796 1976 
3167 3871 
4158 3723 
199 3111 
2273 2467 
797 1613 
136 3138 
3385 1102 
4043 628 
2855 3332 
2367 2216 
2875 3721 
55 2132 
735 2312 
2798 1719 
3397 1353 
3434 1573 
4199 4303 
190 4310 
3242 1619 
3411 3213 
2198 1561 
2053 493 
1173 708 
265 2958 
4188 1310 
3145 3096 
3824 2150 
2767 397 
2771 4147 
2621 4163 
2947 1978 
3239 3530 
3313 193 
3316 3257 
1483 2829 
3989 4266 
2093 1490 
3637 2925 
3163 925 
3400 1105 
3552 784 
2822 675 
1236 56 
2991 1900 
1712 863 
655 3451 
184 1311 
2905 1396 
1487 3363 
1399 3486 
215 3341 
1166 2159 
4208 1941 
2468 1475 
1475 2734 
1926 469 
4075 623 
1953 2528 
942 818 
2173 3862 
2635 3526 
3375 1759 
937 3989 
344 305 
791 3574 
926 1389 
934 3369 
1842 1713 
2167 3576 
3044 867 
1318 1087 
2181 650 
1160 1230 
3898 1749 
194 3223 
4149 254 
3971 1063 
1206 849 
3722 1472 
824 771 
1626 1803 
2992 1219 
1188 3046 
564 1183 
1620 1290 
3509 730 
353 2135 
307 2454 
3319 3947 
320 2330 
3251 1675 
218 3329 
2678 3399 
3790 2404 
1678 670 
405 151 
1115 1085 
4050 244 
3294 1884 
578 4095 
2627 535 
3753 3693 
3257 1490 
4030 1031 
454 3464 
747 784 
4221 989 
3207 1670 
812 1646 
728 145 
1893 20 
2702 1111 
389 2743 
4131 3800 
4134 2676 
2556 2763 
1282 1216 
4248 1256 
2833 3416 
3536 3295 
182 4084 
614 1644 
3195 984 
1691 130 
1600 1310 
1900 3367 
1833 859 
3809 3358 
1066 1234 
2263 1550 
2926 706 
969 1948 
94 2099 
824 3760 
316 3043 
1079 248 
3713 2283 
121 3408 
563 1754 
853 1228 
1490 1415 
4111 1129 
671 383 
4302 2679 
1262 2057 
3334 763 
2240 940 
1337 1100 
2186 537 
890 3345 
126 2710 
1736 2947 
785 4316 
3441 2206 
3181 3760 
3731 3410 
746 3192 
919 866 
1317 1646 
1446 717 
4257 3618 
3521 635 
3987 730 
290 2485 
170 8 
2021 152 
2602 1535 
1831 1725 
2502 711 
4095 1360 
2085 3642 
3104 3649 
789 104 
446 1220 
1515 1180 
1559 572 
1194 1518 
1837 1461 
4128 1882 
3449 831 
1364 1749 
442 2116 
1327 3591 
3378 3850 
4214 703 
4088 4033 
344 3440 
1654 389 
2530 3734 
4172 3037 
2162 3504 
2475 3227 
655 840 
158 2217 
2166 1376 
3186 4174 
3366 3200 
869 3548 
2631 1404 
1672 2321 
4221 2550 
2815 2281 
4258 737 
2466 2696 
297 1584 
3745 1892 
144 3045 
1387 3803 
914 2665 
2569 881 
3027 3780 
792 3020 
1882 797 
1023 1359 
3706 959 
3555 1725 
31 552 
994 3617 
3672 3362 
1937 1584 
2192 3802 
3906 3469 
1023 2334 
3292 1379 
1764 122 
987 2603 
3067 3280 
3784 967 
2862 3312 
1371 3435 
3368 1252 
2873 1299 
2150 3538 
2272 2343 
85 2220 
4042 2328 
3473 2906 
1884 1102 
3141 2207 
4015 1259 
1275 2330 
1032 2917 
1049 887 
451 447 
1995 1803 
1570 2643 
1848 714 
2128 2805 
552 4259 
3198 3664 
3892 3396 
1611 3482 
1667 2300 
2665 3951 
1040 2654 
734 1925 
1485 2938 
1674 2466 
3428 3134 
3350 1736 
1416 2596 
2160 975 
1446 2524 
1512 4298 
1530 155 
283 971 
2959 2820 
2872 34 
1169 1910 
1170 2238 
4321 2650 
2278 2945 
3713 732 
3514 1774 
2445 3070 
565 29 
2922 932 
1022 583 
3742 2446 
3857 2202 
2424 1151 
3050 3120 
946 3385 
3199 233 
1225 1773 
1757 1052 
1010 124 
2823 2910 
1748 545 
521 2480 
1392 1797 
106 4081 
411 1115 
2188 1041 
1143 5 
661 2632 
4101 3421 
827 4061 
3618 2872 
1062 3445 
428 998 
1924 2997 
442 2748 
1661 4156 
3093 578 
3065 3021 
283 2229 
2910 301 
2829 2492 
1918 2632 
3124 1136 
614 2647 
752 2552 
4153 678 
3945 3796 
389 1187 
3358 2439 
3741 3360 
923 1410 
2412 3993 
1950 2288 
4148 2473 
3309 257 
286 2467 
3759 3631 
3074 2525 
1422 914 
1365 1705 
370 1611 
4195 4278 
1297 3692 
59 3111 
1052 1456 
2642 1222 
2244 1257 
275 3540 
2226 1494 
108 3387 
3615 2878 
968 624 
1999 2660 
3065 3548 
1838 2370 
2626 2755 
1960 3257 
1952 537 
3069 9 
646 3886 
3080 1614 
1248 1899 
254 635 
3688 2623 
1035 1321 
4011 2939 
784 1988 
4085 1991 
4182 1597 
2885 780 
4312 4295 
2013 2600 
3131 2241 
2757 3184 
701 3647 
3934 330 
639 2865 
871 2388 
1735 4208 
287 1246 
4261 1035 
1893 492 
2079 3826 
1338 1007 
3410 338 
2565 2966 
3686 1004 
3859 1024 
1757 716 
2009 1497 
2335 182 
2530 3453 
2522 1004 
2017 808 
4057 3425 
2688 1754 
3308 1013 
3229 3676 
3989 3185 
4260 1413 
3165 554 
256 708 
563 1722 
3454 995 
1187 3494 
3322 3066 
3163 3562 
2689 1711 
483 1449 
3987 2767 
2559 3811 
3587 2946 
3638 3648 
1149 2249 
3712 690 
2670 590 
3772 3644 
828 1184 
566 2728 
1699 3729 
1721 3671 
4029 2626 
2163 956 
846 78 
2540 2623 
2057 2851 
2649 1450 
2776 2292 
2339 1592 
1195 1663 
3580 598 
3489 1774 
1729 68 
900 2812 
2528 2838 
3400 1598 
687 683 
4244 303 
1265 999 
1490 611 
3267 383 
2217 1323 
1796 2077 
4287 2121 
2994 1845 
2292 818 
2996 905 
1401 4091 
656 2674 
3646 4064 
3883 1916 
1468 1659 
190 3302 
2825 3186 
4223 683 
823 3315 
4101 4290 
812 2238 
210 430 
1066 3167 
2163 3240 
1216 2299 
3049 3060 
3476 1950 
2274 2359 
1634 2161 
1298 3601 
3041 46 
2018 4029 
3670 789 
1506 335 
750 479 
1178 2924 
9 556 
3174 1001 
172 2338 
3606 4221 
2448 43 
2270 2052 
1918 3515 
1052 3697 
2420 1194 
512 1048 
508 3426 
2916 3990 
1810 363 
902 4166 
1496 539 
2843 4317 
3196 1667 
1026 1900 
2491 2232 
1773 4110 
934 2537 
4272 2426 
1102 830 
3074 2535 
2605 1327 
1981 675 
2807 1427 
1642 137 
1464 2131 
2957 1429 
1009 3125 
4288 3349 
4 670 
3564 3749 
1687 749 
1622 2193 
79 2507 
1114 3711 
2676 2654 
3372 1499 
3905 12 
3463 1417 
4193 2211 
17 3341 
2581 1225 
1834 4072 
177 1939 
318 2535 
2470 1068 
4034 1299 
1371 2236 
3607 3167 
3414 238 
3398 1397 
1373 855 
891 1182 
588 2903 
3629 1911 
2363 3584 
1325 2005 
3858 1382 
3499 1759 
2433 1214 
1193 1520 
1568 2880 
696 1620 
566 3446 
1598 2232 
1339 2806 
3298 3091 
673 3261 
4153 3406 
1936 3050 
4283 1555 
4028 302 
3386 3880 
1324 99 
4284 3796 
3599 2781 
2642 1229 
1350 3771 
2962 770 
1932 4220 
2451 3540 
2936 2196 
434 1283 
4198 4302 
4094 4311 
647 4193 
1619 2761 
1394 3217 
2731 2911 
3474 2611 
2293 1064 
1618 2254 
2641 2071 
714 3725 
1169 2915 
1567 1217 
4156 3108 
1444 3164 
2083 1323 
2418 146 
1788 3138 
3794 3229 
875 1147 
2801 2292 
2383 1392 
3378 667 
547 3139 
3299 1604 
1837 2881 
1317 2166 
3327 1665 
3547 1554 
3338 2642 
3782 4045 
3337 1297 
637 487 
3175 3274 
1497 2383 
1604 3622 
576 3287 
2189 3567 
2566 227 
3143 1496 
1804 2916 
3982 291 
841 367 
3155 1263 
2186 924 
213 1835 
1709 2521 
1643 339 
223 599 
3730 1596 
3444 3185 
2998 1902 
175 2062 
1559 453 
1912 41 
612 333 
3093 3135 
4271 1788 
2088 1080 
1672 122 
2319 1071 
2792 2317 
3806 2897 
3031 1765 
2604 1092 
271 3864 
1778 936 
3184 3638 
2537 3618 
2938 1470 
3709 204 
1240 3176 
1594 1388 
1751 3490 
385 1685 
3187 2539 
1319 1567 
1758 1530 
2718 3145 
2467 0 
2171 3791 
998 3777 
2282 1570 
923 3123 
1355 204 
549 1545 
1370 3218 
69 2896 
3808 1784 
2488 2394 
2121 1680 
2296 3609 
4138 1508 
2934 4253 
1591 418 
3066 346 
2814 3819 
102 1241 
2187 3389 
3073 2783 
219 3974 
151 1260 
3575 600 
2959 2994 
2847 881 
2230 2785 
137 3864 
1254 507 
3288 244 
3428 3342 
1267 3191 
28 1119 
3439 3298 
363 4036 
1395 2652 
1506 1354 
2807 561 
1635 2389 
634 3262 
784 3647 
4142 404 
3352 2213 
101 368 
4095 3598 
2891 2344 
482 4176 
3316 3461 
1590 1686 
3933 1624 
2484 1491 
1503 532 
1158 3028 
1176 744 
3805 3868 
220 2886 
2160 1836 
720 772 
1180 1951 
1195 2663 
2201 1171 
2333 589 
2333 3940 
3505 3647 
3813 4194 
314 3022 
3902 2129 
1346 3037 
2667 4148 
2110 2295 
3983 2331 
3732 1844 
3956 1365 
478 471 
1796 3304 
1485 184 
37 149 
911 3411 
3422 397 
2085 2230 
4261 3140 
3186 3602 
2567 970 
1908 3065 
1531 1364 
4095 2908 
2489 1411 
3515 4088 
1937 4306 
1903 105 
1144 2665 
1009 2974 
889 272 
4131 3765 
3135 1753 
1885 836 
794 4080 
3811 2818 
3165 3985 
2044 1636 
787 361 
477 1571 
1205 4181 
621 855 
3566 1485 
2293 1224 
2776 1647 
2329 196 
1596 746 
1213 1962 
727 3561 
2923 1692 
580 401 
873 2439 
3978 1329 
3059 4027 
3511 1413 
2217 2270 
369 4231 
293 1060 
2451 1707 
779 3328 
3479 2407 
2775 2419 
3820 1874 
503 1905 
2777 3551 
3086 2178 
143 589 
1993 146 
3985 1996 
2849 3976 
3455 3593 
2413 2064 
2286 1207 
3755 2052 
4009 3522 
360 473 
3666 1793 
3688 4008 
2396 1124 
497 627 
1655 646 
1001 2699 
405 2226 
1251 3527 
2780 3642 
3570 3703 
3596 78 
1434 2574 
2893 3444 
4174 152 
4043 435 
3067 3091 
447 2335 
532 1798 
3161 2707 
1522 2103 
1736 2745 
812 3027 
3473 3398 
1637 3141 
2719 2822 
2567 2225 
2313 3541 
2846 2831 
1508 3156 
3014 4100 
533 4051 
2830 1511 
982 2674 
2597 2919 
653 2451 
2274 1461 
3960 1371 
3270 4258 
3848 455 
2890 3457 
3658 976 
1526 163 
2859 4104 
196 3469 
3982 1668 
3584 148 
1701 2942 
2341 108 
2006 130 
3144 2458 
386 1296 
3790 2498 
2864 3029 
593 2526 
2538 517 
2955 2112 
422 675 
2040 3402 
941 2120 
1522 1345 
1062 2909 
2867 1089 
1615 856 
2487 3173 
2648 1136 
3375 1293 
1966 3305 
3763 2882 
4264 3862 
4256 2702 
307 3500 
1879 3549 
3475 3366 
3859 2028 
3050 3148 
1688 2069 
829 3648 
2295 1557 
3513 59 
401 868 
3703 191 
1334 474 
3615 3358 
2575 1924 
1592 2189 
657 1161 
4300 3757 
2424 1321 
2414 3495 
2904 2268 
314 870 
772 2916 
1217 491 
2462 1460 
864 3502 
2877 4298 
297 661 
313 304 
3754 3047 
4138 4239 
3241 525 
3975 3893 
2466 285 
1291 3138 
4138 2975 
450 2598 
3491 3071 
3758 215 
3129 750 
1261 3577 
93 2309 
3709 2592 
3166 3020 
1912 2010 
3855 506 
766 2976 
2684 633 
1292 3438 
1750 3135 
862 3113 
3051 3613 
3684 2797 
3317 967 
3237 3111 
2407 617 
1684 2818 
249 2644 
3131 3350 
1843 124 
2488 2477 
322 913 
3168 452 
1020 1968 
244 234 
4083 4293 
3778 2054 
1927 4068 
1745 2083 
2889 2996 
888 1454 
637 992 
3179 1357 
2772 2174 
962 416 
2442 2924 
2190 803 
2243 1671 
2628 336 
756 712 
350 440 
1204 2274 
697 3456 
880 1872 
2264 2847 
1713 4056 
806 906 
3718 793 
2439 3089 
2489 2702 
3822 491 
3157 3602 
1115 3001 
380 3951 
3394 2284 
2115 1668 
3421 3774 
695 1290 
3084 1876 
2329 2004 
797 1672 
3603 158 
4260 4259 
1465 1851 
1694 881 
3770 1230 
3232 3444 
2790 2926 
3077 3182 
3383 1097 
656 3549 
4137 3530 
3804 976 
3881 2509 
537 1571 
2951 200 
2544 3682 
88 1870 
1962 405 
3851 2995 
1305 103 
73 2711 
3771 2714 
3156 1683 
1054 3889 
2764 4192 
2350 3280 
2252 3839 
2291 1204 
481 4315 
3203 645 
1299 3424 
3017 3946 
1229 2589 
2287 3988 
580 1227 
4087 802 
1881 2974 
2753 1739 
2560 2976 
1571 3402 
3951 2656 
3769 3687 
3321 191 
1065 2000 
3952 3661 
2309 2707 
4000 3794 
2250 1731 
3995 574 
2391 3036 
2416 2534 
614 2543 
1225 3479 
2064 1259 
2327 3929 
1305 35 
1052 836 
222 811 
4078 1780 
931 1880 
1567 2814 
4275 2150 
814 4148 
2183 2081 
2685 459 
3476 401 
875 1998 
2010 679 
2299 1261 
247 2819 
827 3275 
3749 2141 
3740 1490 
1252 3546 
3405 3941 
1973 3885 
1545 2343 
2501 1847 
1782 2615 
1845 2456 
420 324 
3767 4264 
1613 3330 
99 2664 
3725 2686 
2184 3870 
2305 1365 
980 1403 
2493 1529 
2160 1334 
90 3028 
656 353 
959 3267 
1271 3947 
4067 145 
2084 1801 
1865 4032 
4089 1899 
3697 1407 
963 2906 
2616 2855 
2125 3276 
3200 3243 
2164 1356 
48 3310 
1209 3735 
1541 2970 
2285 813 
1577 3510 
4214 2394 
2388 3734 
3836 2988 
2977 3366 
2449 2642 
878 2805 
3913 669 
1934 2164 
2388 3641 
1317 2814 
2477 2378 
3094 1300 
3463 2528 
2331 759 
3761 2954 
3631 640 
2252 2720 
200 396 
43 658 
2390 3491 
192 3108 
4198 179 
3730 3984 
877 222 
3078 4294 
2316 2091 
2403 1669 
2887 2837 
2286 1926 
3331 3660 
93 52 
3190 1799 
2766 1390 
2021 2891 
3378 1844 
784 1602 
2044 916 
2346 138 
475 3386 
3535 2442 
3508 4238 
3412 1699 
3144 294 
1104 2652 
2738 3198 
1629 3516 
3582 1439 
969 1480 
2406 1933 
3800 404 
1299 322 
352 2181 
414 1928 
1692 3433 
1555 825 
2377 4020 
2629 1460 
867 245 
3526 3211 
1418 2277 
2162 3835 
112 3028 
3915 915 
2178 2499 
453 3755 
3212 2374 
2181 277 
282 3502 
1603 2517 
2303 3079 
3082 471 
1820 978 
246 1454 
2715 3612 
686 3145 
196 2419 
932 4017 
392 241 
3003 1459 
3096 934 
1180 3152 
384 1667 
1399 4096 
2842 1002 
2704 2988 
2678 28 
3156 1280 
578 675 
3932 3552 
1421 2795 
1464 3272 
1129 2002 
1503 3937 
678 744 
1683 437 
2087 5 
2018 1154 
422 2086 
4076 1264 
2836 3242 
3860 1128 
1792 3120 
778 2770 
2007 2730 
2951 4119 
1548 2477 
572 1972 
3951 1313 
3459 2561 
197 48 
138 2724 
2758 1169 
3268 4302 
1997 3122 
2552 3450 
561 810 
3182 3904 
2826 716 
1718 4305 
1325 3355 
2563 3585 
1368 65 
663 494 
3805 2849 
2623 1423 
1606 2778 
2359 1920 
520 359 
1691 1898 
2856 512 
3220 3100 
2869 3837 
1661 3174 
822 2577 
3329 3421 
3282 3986 
2322 3335 
416 4098 
3402 2470 
717 963 
2597 2486 
751 1431 
1723 215 
1916 3854 
2708 3702 
336 2508 
2746 2903 
3234 1267 
781 1373 
771 3283 
1790 871 
2864 874 
1971 4021 
1624 4303 
503 826 
1803 413 
2240 1165 
586 2439 
1556 10 
366 3773 
1598 605 
1487 591 
1551 2417 
3064 2015 
2943 1100 
2939 2406 
4188 2159 
665 3797 
3585 2204 
3714 629 
2644 28 
2325 2954 
3449 1104 
548 2851 
414 3129 
985 3450 
3632 3321 
2382 2767 
2916 903 
1087 2292 
3915 2741 
3067 685 
4060 1504 
624 3251 
1060 1863 
2728 2515 
422 3796 
3172 3992 
961 1186 
3051 1533 
1128 2965 
2647 2125 
1240 1759 
2798 2264 
3367 1704 
2760 3913 
778 4288 
3252 526 
623 707 
1326 3631 
379 200 
1631 1466 
1228 2387 
3026 1683 
2172 1470 
3715 2268 
3743 968 
987 747 
2889 783 
3138 3088 
4244 4180 
3709 3487 
1398 2733 
2228 2307 
395 3467 
1517 3411 
1332 2942 
1601 3652 
852 2888 
1598 1369 
2402 3 
1401 4253 
4278 1360 
4049 3014 
510 2507 
356 404 
3013 3332 
3308 1865 
3094 1955 
2834 882 
3324 3435 
4203 3464 
3471 1573 
3909 2433 
1816 0 
3998 540 
1609 3454 
249 3455 
1864 1949 
1011 1174 
1043 2926 
3135 1159 
2332 2494 
3108 855 
1772 2488 
3705 3277 
384 3055 
917 1532 
1179 1265 
2518 255 
1435 1055 
309 1054 
1160 1174 
4266 1596 
2602 2206 
2586 3548 
1265 3440 
3067 3406 
3247 1197 
3855 3092 
2938 3167 
792 3029 
178 260 
2689 183 
3624 3364 
933 1639 
1942 3526 
943 3380 
83 3185 
897 37 
3615 2646 
994 3948 
1572 422 
2271 4205 
1827 1895 
1029 698 
2229 1720 
991 1011 
323 143 
3707 472 
1455 2088 
864 1257 
2358 709 
3053 1459 
683 2802 
445 1507 
3003 2317 
3337 1980 
1561 2543 
817 2821 
1933 1055 
976 489 
2398 315 
3854 2855 
3657 4185 
2227 1016 
3462 2412 
1146 898 
1283 255 
3950 2732 
1344 3489 
499 1319 
295 4065 
1208 2792 
3682 136 
3527 3554 
2392 2750 
340 3976 
3711 3198 
179 177 
3882 1161 
1724 4150 
2303 2755 
2630 4266 
916 171 
3710 1775 
2570 2250 
2224 3528 
2936 2700 
1469 4061 
1812 1680 
3606 4307 
3397 2092 
3075 887 
671 2007 
2582 2976 
169 1923 
1551 957 
1749 1787 
1178 1551 
306 2752 
3268 1157 
492 2150 
2526 2972 
1649 3925 
531 1223 
3085 3372 
333 2773 
4065 4061 
4151 1428 
2902 1000 
835 4312 
1158 748 
3034 333 
1929 3254 
388 2335 
671 3211 
3783 237 
1316 1174 
3084 598 
3557 256 
3156 263 
1024 3701 
3972 3716 
2212 3028 
617 3811 
2788 2017 
1982 2013 
157 477 
1043 3882 
4054 683 
215 786 
597 1133 
1002 3514 
454 1580 
3068 3649 
404 3924 
4166 3158 
2975 159 
304 306 
2528 2684 
1872 1970 
2632 2054 
817 711 
4067 1631 
3162 2618 
2549 3964 
153 69 
903 2591 
3470 2701 
650 3565 
2128 382 
2424 1924 
937 1803 
2105 2382 
99 3206 
3041 787 
3923 565 
2110 3128 
2620 1618 
2178 311 
3198 170 
2221 2268 
3903 940 
2226 2610 
3298 2816 
2229 3610 
364 94 
2947 2181 
798 2182 
3892 4134 
3199 1212 
2874 1548 
3595 1465 
1344 1887 
91 877 
778 1850 
413 2296 
1980 3307 
1198 2476 
1734 1853 
3414 1896 
2351 2437 
579 425 
2906 2686 
1847 425 
1292 2146 
919 1476 
125 139 
1408 1381 
592 4319 
270 3124 
567 1892 
2639 907 
3809 274 
864 1472 
89 3826 
356 793 
718 3501 
3820 977 
3319 2210 
1477 3510 
3573 3733 
3318 1278 
4110 4076 
4092 1574 
2036 1793 
2179 3355 
4001 4255 
3768 424 
1445 4164 
1551 462 
1850 85 
1270 3869 
2684 2584 
1121 2767 
3498 457 
2884 3320 
1486 1347 
3850 319 
1158 2258 
2157 1125 
3856 3755 
2375 290 
615 2385 
235 2224 
2741 2041 
1522 723 
3161 3455 
2095 2990 
283 2671 
3909 1026 
459 2580 
3740 1454 
3550 3363 
2446 4256 
2304 3429 
3334 2073 
576 1147 
306 1154 
1815 2333 
438 44 
3409 3434 
2602 4192 
2182 57 
2670 684 
1110 1958 
1919 1021 
809 2878 
3524 936 
3601 2827 
682 2893 
60 988 
1819 2288 
984 818 
1867 268 
1762 3247 
3711 1362 
1351 23 
3745 2923 
3584 2520 
1499 1081 
1780 327 
1919 3232 
749 4277 
1820 1131 
168 3008 
3171 1605 
2329 669 
3765 4012 
1909 2901 
639 97 
3151 3871 
2307 857 
3994 4266 
4277 2663 
880 4306 
2941 755 
3014 685 
4154 1071 
2695 1996 
227 1332 
694 355 
3301 656 
1457 331 
2660 1651 
3183 2218 
2682 3590 
3532 2441 
3329 3303 
4156 3324 
1622 3433 
2363 962 
3340 2029 
4309 3727 
4227 1959 
1377 2009 
3394 1489 
2941 3168 
1883 2621 
1601 1686 
465 3976 
2434 52 
4008 2576 
3126 964 
3169 921 
4230 644 
1431 1271 
195 2082 
2966 2037 
612 1165 
2925 1035 
3604 446 
2884 1994 
2985 3650 
1227 20 
3448 435 
3071 1368 
4130 4303 
3666 1486 
653 2 
4044 1347 
2496 3371 
3750 950 
3097 106 
4320 1719 
3403 781 
691 3279 
3330 2875 
1264 3245 
1521 970 
2550 387 
2849 325 
1730 985 
1292 672 
317 1936 
165 3568 
3202 3293 
3952 128 
3626 2414 
3897 2181 
3387 4302 
2993 1478 
2394 2073 
898 1563 
2393 2965 
3301 938 
4033 3553 
996 1444 
1125 4174 
1572 251 
3495 1251 
2453 4085 
270 1151 
1884 502 
6 991 
346 752 
3054 258 
543 3746 
313 2487 
4136 343 
2636 70 
50 2263 
2121 2159 
2569 3946 
610 724 
664 2853 
3445 3270 
3384 3572 
3883 2988 
3236 1844 
512 1723 
2174 3908 
1689 1617 
2533 240 
4254 790 
3032 1142 
3942 1693 
121 3265 
3 2140 
3966 2955 
2209 376 
472 2465 
2435 4053 
955 2019 
3727 3555 
3821 1035 
414 2504 
1076 35 
2880 3483 
4188 2522 
1643 4119 
4268 2221 
1018 440 
691 2540 
4232 254 
2656 720 
1480 3441 
474 605 
4005 2896 
3885 3559 
3881 2917 
3457 315 
1423 1786 
1300 848 
34 2836 
2974 267 
2780 3161 
3401 1890 
1910 255 
1234 2952 
3658 1070 
2308 3316 
2460 2173 
4256 2448 
3131 4224 
3874 2021 
129 153 
557 1732 
867 337 
3058 1990 
2058 1271 
2477 3464 
607 4290 
1400 510 
1166 924 
592 1025 
2089 2515 
4182 208 
3655 2578 
2142 3553 
4166 935 
4282 4294 
3657 3852 
2094 3408 
4121 2513 
3274 2001 
2914 2363 
1625 1255 
3747 3894 
1610 2104 
1070 3558 
430 932 
1984 2817 
1977 3900 
3512 754 
3386 3913 
2424 3954 
1197 984 
1400 1656 
2565 2144 
139 2800 
3266 2835 
940 1062 
867 3763 
2526 1650 
2439 804 
2946 163 
4021 167 
1894 2887 
643 910 
3665 462 
170 3121 
1701 2486 
3570 2482 
3558 4283 
3884 4011 
1066 3120 
385 4125 
4268 1160 
3825 3115 
2420 1840 
2500 1210 
1740 453 
3136 3405 
4178 1797 
1958 2811 
3932 3509 
3635 834 
666 1511 
1897 3068 
3633 2564 
811 1647 
2941 2990 
321 988 
1875 537 
2008 2819 
1281 3460 
193 4080 
3999 3570 
2613 743 
115 2564 
1625 4087 
1879 1941 
200 2055 
3947 508 
3992 3174 
4134 2282 
583 798 
1915 959 
3110 2330 
3741 1697 
3236 2530 
1255 503 
3757 356 
1837 2752 
2343 224 
4299 2838 
917 329 
2159 3982 
2033 141 
4144 851 
1188 1020 
3111 1967 
2791 59 
4082 3715 
4227 1276 
1225 3600 
1008 2003 
2453 3164 
1497 520 
4244 999 
2878 2766 
2285 1304 
703 3075 
2384 3993 
3300 454 
2767 1311 
1023 1485 
2294 1511 
1891 2970 
3305 1029 
4317 609 
865 1533 
3551 4033 
343 149 
1498 852 
1214 716 
3172 76 
2582 2900 
1446 2754 
4 1519 
1487 2997 
1047 2825 
3104 808 
3553 1814 
902 1339 
3149 3060 
1653 3813 
3149 1841 
1651 2136 
3505 225 
3265 2219 
1862 514 
3942 4038 
4221 305 
2231 2186 
3575 1631 
1129 1060 
3321 1810 
3382 3180 
1744 3245 
2842 635 
338 3292 
4225 2289 
3421 59 
822 2525 
1062 3971 
3117 3052 
4193 1512 
3582 1030 
2017 509 
1327 2841 
680 3234 
4049 1980 
2089 3106 
1957 2502 
3331 3331 
198 1565 
4202 624 
3254 1514 
2042 381 
3324 173 
4201 1605 
2197 3197 
3308 873 
183 234 
346 3001 
1914 3377 
1019 566 
187 732 
2252 2430 
2353 2648 
3472 4185 
2599 524 
4275 4314 
160 2962 
1363 3324 
1340 2036 
1135 700 
3731 931 
2315 1297 
3385 2059 
14 1797 
3030 3872 
112 1419 
1899 755 
2531 2304 
3163 3864 
2194 1458 
2280 89 
646 4204 
2958 2064 
1862 3487 
3819 3090 
321 2775 
2170 1327 
2178 3641 
1853 3786 
593 3656 
997 3001 
429 1472 
520 2310 
3278 189 
188 1748 
402 2321 
1787 1770 
3366 2225 
3645 2180 
1714 4281 
2044 690 
1053 1381 
2050 1307 
1758 3536 
981 2378 
492 919 
1174 1767 
2685 3506 
3926 3806 
3476 603 
3688 2532 
4227 1168 
647 257 
707 3887 
3623 571 
968 3505 
4198 3721 
3645 4043 
763 3282 
3649 801 
2030 3305 
3341 3099 
976 3775 
3110 496 
3051 921 
1709 3359 
1779 4017 
4174 2328 
996 3863 
3201 1692 
1873 2534 
1845 4234 
3943 2727 
2562 2166 
3522 981 
3965 4123 
1421 889 
2769 2772 
3392 2769 
2226 2320 
853 3725 
366 1542 
1150 4059 
2776 2708 
437 1597 
1066 1123 
2210 1087 
1163 1452 
2209 1095 
1300 3715 
3145 487 
4305 3156 
817 1386 
1382 1031 
1079 1343 
1817 1641 
1009 152 
3332 3929 
3667 3378 
2960 2484 
1742 1969 
1474 4000 
1204 3319 
1364 328 
1579 3014 
3816 3595 
4184 3740 
3430 1844 
1400 4024 
3880 2164 
100 1750 
104 1761 
2374 1936 
3117 1399 
3499 2663 
1492 3964 
1666 997 
2489 3583 
4248 329 
1053 3764 
2976 3824 
3820 2673 
3123 1257 
2836 55 
3910 2 
1658 1889 
2513 1414 
2863 1889 
547 1634 
2001 1091 
1862 1824 
1503 3825 
2630 2485 
3224 3519 
363 938 
2682 334 
2685 1256 
2785 2638 
241 3985 
4238 548 
2250 3848 
2180 1970 
3755 1510 
3515 4086 
348 2742 
2658 951 
556 3860 
589 1789 
474 3376 
1340 1002 
1091 2392 
733 911 
3976 288 
468 4258 
1325 3467 
2163 1172 
178 42 
757 1399 
4073 4006 
3569 1161 
1024 2397 
1723 604 
871 398 
1547 2473 
1153 3944 
2746 211 
3693 244 
4048 3133 
3612 699 
2285 1681 
1816 3151 
4051 1000 
3999 3334 
2773 2496 
296 1777 
3708 2293 
1450 50 
352 431 
410 1079 
126 2322 
64 1341 
3868 671 
85 2838 
1133 3040 
1810 406 
2273 2318 
1181 2292 
3691 399 
497 2256 
628 2736 
642 643 
2190 1424 
1951 1389 
1287 3639 
842 2683 
1863 399 
2570 64 
174 120 
2594 1983 
282 1788 
3215 1418 
1288 1663 
958 2514 
1359 1053 
996 258 
4145 419 
3296 3528 
2606 1266 
4225 311 
4080 815 
2385 2152 
3001 3239 
2977 1013 
812 3249 
3314 1424 
2977 1232 
2696 1390 
1550 589 
4170 2144 
453 3928 
1073 3741 
4126 4098 
1793 1137 
912 2892 
2567 1821 
2569 3165 
3633 2837 
2830 3875 
3748 3087 
2976 3922 
2578 830 
423 2947 
449 1937 
3718 2516 
4016 3141 
4089 249 
4196 933 
1001 3431 
1551 3160 
818 3216 
3044 3279 
2774 2985 
3406 1214 
1633 425 
3561 1853 
698 3838 
3358 1403 
4070 772 
1614 1297 
2121 3455 
1373 694 
2451 3187 
4289 2103 
927 3705 
522 1461 
381 2956 
224 3915 
1573 1461 
675 2223 
3325 2205 
3035 2945 
3425 1633 
4290 1211 
4297 2776 
279 3419 
1488 261 
3155 1280 
4126 2653 
1512 3378 
2777 3948 
1362 988 
564 3266 
2773 3740 
3190 1226 
4112 2646 
1493 3411 
1892 2021 
612 1172 
2602 2511 
688 1590 
886 3734 
301 4002 
900 2054 
3573 593 
412 2720 
2472 2955 
515 3883 
4050 1799 
407 3499 
1454 4056 
1829 3739 
4277 3724 
570 1925 
84 3338 
1390 2478 
328 2530 
941 3193 
2966 834 
2435 3091 
1148 3971 
1021 3498 
1590 212 
23 1095 
310 2122 
2219 1317 
2838 718 
1482 1115 
336 1060 
1775 3806 
1594 2283 
2514 1267 
3515 2338 
4190 837 
1521 3197 
4147 1838 
4214 3180 
1849 2317 
1738 1727 
628 2010 
1283 738 
1793 3934 
508 172 
1625 4064 
2771 1125 
4179 4091 
2931 2284 
4096 389 
573 2521 
3548 2905 
3476 60 
1044 205 
3504 2155 
1895 1832 
612 2399 
3213 2048 
1863 1411 
1230 3535 
1614 3404 
1248 1672 
1981 3093 
2030 1269 
3862 3074 
1636 3660 
3402 409 
4192 2815 
3050 3904 
1522 1303 
1600 2120 
3793 3282 
293 2110 
2429 715 
150 2042 
2733 1631 
2668 805 
423 3071 
3019 3135 
4279 2465 
3060 3895 
1917 1288 
673 2505 
3343 2209 
4006 3907 
465 2616 
2208 2854 
717 46 
1257 160 
3009 4051 
965 2802 
2845 4144 
3437 3900 
2318 2425 
4103 4153 
1733 1608 
2982 3510 
1056 2627 
1892 3626 
1810 3397 
3398 2291 
2525 151 
200 356 
888 3408 
3358 1857 
1895 1431 
1965 527 
3988 4213 
1808 2464 
745 4319 
410 1916 
3457 3484 
2824 3612 
2385 2288 
3108 1485 
45 2307 
2304 1202 
889 186 
682 1507 
1353 2413 
1948 1169 
2060 3234 
2506 1595 
2468 1694 
722 2429 
3088 2598 
3330 3724 
874 1570 
472 2784 
3245 3261 
3642 668 
1415 4154 
1621 3662 
2901 4287 
4208 1683 
1005 626 
1911 1470 
4002 4151 
1836 2279 
2578 875 
643 2676 
1176 1824 
2497 3328 
2276 3182 
1007 2179 
3948 3434 
2057 575 
3090 2739 
1288 2421 
2103 4009 
1374 2730 
648 1602 
1963 1537 
1131 440 
825 4131 
3352 937 
3188 2219 
3770 426 
2184 3195 
1246 3256 
3709 2085 
354 1717 
4140 121 
324 262 
2206 3080 
3940 2363 
457 3164 
2957 820 
1138 655 
902 2154 
3066 1530 
4147 788 
2950 3205 
1306 1712 
1946 1225 
3721 3597 
795 3101 
1895 1631 
1770 93 
4264 904 
3283 3329 
2709 4196 
3493 4317 
463 3086 
2707 350 
3706 3036 
4306 3899 
2823 304 
1840 3708 
1839 1228 
3859 3289 
3493 2401 
920 3112 
1545 1320 
4164 1749 
3240 920 
2864 2548 
1942 1084 
1584 4093 
3901 3094 
600 2657 
3357 4141 
2808 3930 
852 3676 
2240 1742 
2078 2139 
1251 2894 
711 4004 
3502 169 
1885 2463 
3 511 
2461 2142 
3089 2928 
2906 350 
157 163 
256 260 
1085 957 
2596 319 
1622 1869 
711 438 
2642 1294 
1098 2388 
3789 1900 
2337 269 
3897 2444 
2471 2791 
1419 1576 
119 3782 
653 457 
534 4060 
2508 2556 
3434 3117 
4066 4236 
2278 1247 
4146 2195 
2152 247 
1398 1157 
4052 479 
2136 293 
3498 1980 
1647 351 
3588 3805 
2710 3141 
2179 2799 
4143 594 
1363 344 
162 1174 
3614 521 
3691 1528 
55 2714 
48 536 
1289 814 
566 1656 
1520 3806 
3146 3801 
2115 1353 
2310 103 
2466 3909 
1244 4213 
496 1326 
2346 4089 
3732 1359 
473 27 
3307 2961 
475 1906 
2084 294 
2289 2853 
1792 3486 
1874 1673 
977 3286 
2193 932 
2531 1304 
926 599 
1439 2800 
1104 3720 
3360 3037 
1400 259 
697 3209 
4228 713 
71 100 
3885 1058 
2409 2049 
1334 2994 
3792 2698 
3476 2243 
515 3826 
823 1542 
3601 4218 
3490 366 
1903 2835 
381 3351 
2657 1133 
1142 2266 
1314 2744 
115 1904 
2710 3534 
4040 2224 
297 486 
1434 3794 
3658 3986 
1522 2490 
3995 3487 
3648 1138 
847 1786 
1222 441 
3225 4028 
3775 3041 
3449 1202 
788 2291 
4310 854 
3779 1749 
378 3197 
3369 4099 
1629 2342 
120 2139 
2013 1101 
484 2757 
765 1190 
4031 3726 
2779 3993 
2055 3221 
3547 2227 
477 1126 
1268 837 
567 369 
92 3137 
738 2731 
193 1432 
2636 2159 
86 3959 
1294 2039 
1434 3390 
601 1394 
274 1640 
2487 1467 
346 1336 
3957 705 
3590 3092 
2357 3665 
1933 2783 
4262 2004 
3506 4072 
3546 108 
1490 1932 
3679 3019 
503 484 
2128 82 
3625 3689 
1198 452 
3740 224 
1838 2380 
501 3366 
362 3752 
3311 3549 
3159 885 
3273 270 
2315 1158 
2012 2280 
4099 818 
2899 1930 
1527 4180 
107 3706 
3820 2548 
2660 1652 
1006 212 
1487 2779 
3469 715 
1004 3297 
2351 1962 
103 3398 
1180 3205 
4017 3736 
1937 3964 
95 2160 
743 3665 
3058 1467 
298 861 
3087 3220 
3497 1621 
2397 837 
2461 3522 
313 422 
148 1728 
1102 2937 
1793 4114 
2606 510 
35 3085 
2695 251 
474 2358 
823 3092 
357 134 
1748 192 
15 3508 
80 496 
1649 1364 
2022 605 
3141 626 
3088 2857 
2718 3449 
1333 1349 
2224 3352 
2119 2763 
3241 3004 
3761 3835 
3381 2980 
2646 249 
4305 1801 
1419 1713 
1592 1511 
3604 3059 
2337 1348 
1288 2063 
3270 2870 
475 2395 
132 797 
576 716 
37 1983 
2644 1144 
2404 1182 
751 4112 
337 3913 
84 2837 
1322 1750 
2892 3573 
3352 2814 
1864 2704 
519 4245 
1051 3891 
1688 2827 
459 2732 
3746 1971 
3843 2594 
1393 256 
2317 314 
2173 2665 
3142 3286 
3331 340 
1911 1581 
3990 3785 
160 1629 
818 730 
2634 1639 
814 3984 
12 773 
897 1413 
1275 1522 
4004 1531 
3172 2589 
2203 1280 
2586 3297 
1606 2619 
474 916 
4170 2782 
1497 4098 
1697 2581 
2248 3716 
2654 314 
488 788 
3321 1111 
1477 1712 
1608 1344 
1275 4320 
109 260 
257 45 
1194 2915 
4312 3956 
2728 1091 
4041 2444 
2564 2674 
670 2854 
2032 1163 
744 3837 
1847 2403 
500 1772 
905 4228 
1594 2590 
4168 3139 
3929 3893 
1799 3958 
158 3141 
1325 261 
1518 2446 
4173 224 
1109 3477 
892 4320 
1733 2020 
1345 3380 
2333 914 
1250 128 
1000 1522 
3517 6 
3514 302 
3432 1958 
2986 1425 
4117 1649 
3615 1900 
3190 2955 
1332 4067 
4029 3907 
3386 3062 
3617 3455 
4215 853 
1966 3276 
4221 2089 
1832 3019 
220 2316 
1664 2571 
4218 3015 
4111 3994 
3342 387 
2817 3128 
2818 609 
600 4276 
4119 880 
421 3436 
3123 2202 
3671 276 
3123 2087 
2769 887 
2621 2567 
4090 219 
176 3096 
892 436 
3151 3294 
879 2514 
2427 189 
165 1360 
811 818 
694 3102 
3131 4217 
1762 2658 
1575 2338 
1874 4046 
4303 2212 
3686 846 
2737 3208 
4298 3861 
3381 3696 
114 587 
3822 2203 
2220 2187 
2333 2214 
2653 4223 
2634 1699 
1356 3324 
949 3050 
3060 3713 
1370 1141 
3038 104 
2670 2633 
2897 1780 
2874 1405 
2456 560 
3811 4207 
3681 786 
2949 1942 
3837 1884 
22 3566 
3882 1636 
3421 134 
3648 1896 
3956 2189 
2977 2980 
237 2424 
952 3968 
389 1082 
1142 27 
3097 118 
3372 1178 
1610 1440 
1274 1236 
1090 1141 
1713 1111 
1913 3889 
2467 2105 
3767 1867 
175 2282 
3730 2032 
284 182 
2638 3966 
1900 1002 
3365 2254 
3703 1641 
282 2572 
2609 563 
3833 421 
193 1312 
302 3968 
4208 4069 
699 1768 
4210 2775 
3510 2433 
2636 1929 
3220 1231 
645 2264 
2338 1203 
4037 2346 
2165 781 
278 3581 
1832 4249 
2707 3719 
1033 1335 
473 19 
1384 4233 
3676 912 
165 1488 
614 3760 
2406 3474 
1522 507 
3050 1316 
3298 3107 
979 1511 
1487 2275 
4088 3345 
418 429 
452 1459 
1056 980 
216 942 
30 2001 
166 2854 
3168 168 
2224 3881 
337 714 
2669 4026 
412 4069 
1568 3984 
3139 184 
3779 2778 
1178 635 
1719 1980 
1510 1275 
1391 1889 
2139 1803 
2343 598 
3643 1208 
1978 100 
1995 1142 
4259 3510 
4117 3552 
945 1087 
908 612 
1432 1604 
1507 3609 
2241 97 
3982 782 
1793 3961 
1266 2166 
2131 3541 
3886 2102 
2989 2615 
2504 2837 
2729 2436 
905 1827 
2186 1733 
4149 37 
3908 1935 
651 3486 
247 2060 
1017 4049 
4073 3645 
3135 1873 
2900 68 
396 4310 
319 3742 
2300 3341 
3304 4312 
3936 2116 
608 3883 
3998 2844 
3701 1245 
2228 2521 
3811 1817 
976 595 
3854 4311 
950 1417 
1483 2433 
2788 3453 
2921 1069 
3275 3544 
3265 1816 
4091 1994 
332 2474 
1302 3560 
856 2839 
3222 4 
