184 401 
4 65 
175 125 
97 36 
159 121 
89 150 
119 46 
156 122 
121 10 
69 109 
139 166 
8 35 
173 80 
95 25 
174 132 
103 101 
28 182 
148 31 
138 71 
24 16 
13 73 
65 37 
27 74 
35 25 
95 84 
116 156 
3 138 
73 35 
29 93 
51 2 
40 104 
165 43 
21 22 
147 2 
168 138 
169 141 
22 42 
4 172 
18 99 
90 121 
156 10 
165 74 
59 71 
47 8 
157 66 
99 11 
136 28 
64 51 
146 83 
69 180 
143 17 
62 41 
61 111 
155 109 
36 164 
146 41 
24 155 
46 160 
173 2 
172 78 
124 6 
167 107 
174 63 
112 111 
180 112 
45 146 
132 17 
51 158 
68 161 
17 166 
168 51 
159 51 
106 115 
75 105 
168 155 
12 96 
142 82 
105 31 
109 35 
71 75 
160 161 
99 0 
18 113 
147 91 
122 35 
77 145 
153 93 
95 179 
72 129 
168 48 
149 28 
154 36 
60 73 
2 175 
105 135 
145 120 
103 135 
54 106 
156 81 
183 92 
111 88 
25 9 
5 118 
92 24 
110 44 
13 22 
31 66 
147 22 
128 38 
50 96 
103 163 
70 12 
108 17 
11 52 
54 178 
44 169 
122 75 
120 142 
158 133 
28 91 
144 77 
180 124 
72 54 
24 36 
158 23 
28 56 
104 183 
181 110 
161 148 
51 119 
3 2 
177 0 
95 27 
124 177 
83 61 
127 57 
169 12 
7 174 
85 74 
54 23 
130 124 
82 103 
112 47 
42 123 
17 87 
81 94 
29 106 
4 60 
117 158 
92 0 
100 4 
78 73 
14 93 
110 100 
48 13 
143 65 
14 172 
84 134 
123 158 
63 78 
22 8 
116 76 
0 183 
97 77 
171 104 
68 42 
138 61 
158 17 
93 54 
170 143 
143 55 
105 174 
142 139 
136 155 
156 30 
56 138 
67 86 
7 97 
176 100 
63 138 
39 90 
126 49 
57 11 
61 13 
174 83 
145 161 
112 90 
163 183 
121 119 
135 8 
183 177 
133 113 
179 74 
5 101 
119 78 
126 55 
85 58 
138 85 
65 68 
96 62 
9 81 
159 183 
74 129 
84 123 
160 107 
54 28 
136 97 
16 27 
142 153 
28 153 
19 145 
37 11 
87 144 
41 168 
110 103 
64 13 
73 7 
155 141 
150 175 
52 101 
114 26 
109 26 
23 154 
164 79 
173 147 
116 5 
99 87 
11 79 
16 73 
169 45 
48 112 
101 60 
114 160 
69 9 
14 109 
46 65 
46 63 
149 172 
73 137 
89 165 
27 46 
98 95 
81 160 
59 46 
7 146 
26 48 
132 172 
110 16 
179 164 
178 101 
53 118 
76 58 
182 179 
182 30 
23 135 
44 144 
97 163 
6 151 
143 57 
142 45 
45 40 
139 114 
47 70 
128 182 
115 78 
167 82 
32 144 
26 149 
118 3 
93 8 
34 22 
6 148 
87 116 
5 6 
20 55 
61 5 
49 135 
23 155 
127 31 
31 173 
163 1 
46 51 
37 121 
67 134 
165 112 
120 59 
23 40 
25 38 
94 87 
88 106 
176 32 
180 166 
0 160 
172 56 
102 127 
125 2 
143 4 
98 114 
59 91 
120 102 
39 62 
142 112 
42 157 
60 127 
107 1 
162 116 
69 48 
177 73 
64 37 
182 93 
41 6 
109 119 
112 65 
14 148 
65 95 
30 3 
176 31 
11 48 
71 73 
176 144 
65 171 
106 58 
60 169 
100 87 
136 106 
133 13 
1 180 
178 154 
176 159 
59 12 
113 94 
75 176 
70 120 
123 76 
182 127 
41 53 
172 157 
158 90 
152 149 
5 153 
91 167 
126 27 
117 16 
114 183 
121 51 
40 25 
13 24 
88 151 
115 54 
64 166 
120 133 
43 61 
82 114 
78 160 
178 36 
106 180 
31 112 
84 152 
88 129 
173 176 
63 18 
112 124 
110 132 
171 90 
149 22 
120 144 
162 146 
120 164 
73 99 
82 30 
44 102 
79 145 
53 183 
97 81 
1 26 
105 91 
58 34 
64 93 
25 88 
113 32 
131 9 
147 120 
96 57 
2 92 
164 10 
122 99 
43 157 
118 141 
154 114 
140 62 
28 36 
90 113 
147 172 
112 75 
157 120 
112 58 
78 162 
25 32 
146 109 
127 153 
141 32 
84 32 
