5482 6593 
2233 306 
2269 3475 
2006 2593 
2341 4584 
2398 633 
1231 2527 
793 3117 
2828 5314 
4854 2118 
41 4612 
3082 4634 
1539 4409 
5056 4240 
4703 3028 
702 428 
2110 4880 
4988 1034 
308 2190 
790 3259 
5102 5209 
2771 3999 
120 33 
4859 4238 
1325 416 
583 1171 
2103 4677 
3300 4837 
2352 1589 
4351 3520 
4153 2137 
5312 4848 
4823 5051 
3038 2219 
2937 4943 
4698 4574 
906 3423 
21 4496 
4293 2903 
5022 3666 
2165 5331 
3541 3995 
981 2844 
2671 4510 
163 3943 
1241 3737 
5305 2237 
248 2189 
4364 973 
717 3536 
2803 287 
2631 1048 
5462 5259 
4120 386 
3101 2942 
5345 1938 
1952 1715 
3661 4143 
709 1953 
1017 5430 
2393 390 
5050 4939 
4242 2373 
3203 4418 
1416 3353 
4168 3811 
2153 1180 
1890 3826 
1226 5036 
2975 3551 
4811 3899 
3298 2985 
3657 5130 
1019 530 
2957 4095 
1694 5365 
338 4257 
3878 699 
2619 1781 
5077 4690 
4676 3106 
4987 726 
512 2065 
4560 4727 
582 1013 
5478 4604 
4404 4351 
1196 3091 
775 651 
2467 1273 
4873 2056 
392 2133 
3786 2675 
3400 5151 
10 2667 
3984 2644 
4113 10 
1823 4461 
4378 1453 
4633 1312 
602 2610 
4389 4571 
2269 1259 
2465 3145 
2740 3320 
3158 3552 
782 3296 
904 3742 
3313 3580 
33 1216 
127 4367 
750 5290 
3864 1859 
467 2615 
850 5359 
3416 5071 
1488 4709 
3910 1996 
2759 170 
723 3282 
341 1583 
2583 3966 
5038 5289 
4890 3206 
2633 3427 
3398 4427 
5315 828 
3813 5161 
15 1438 
2842 1380 
1225 1219 
3376 2553 
1747 581 
4128 3968 
2770 4211 
4832 4201 
181 2066 
2591 4180 
4778 5365 
527 5227 
4981 5285 
4613 2458 
495 1002 
3390 1362 
1032 1955 
2664 5413 
1496 4461 
3620 3637 
1671 1635 
3097 1413 
4981 2198 
3917 3829 
1433 2463 
2957 4758 
4134 2268 
3749 1269 
4947 1109 
5094 3639 
2964 5108 
4517 5336 
429 3237 
3973 1872 
1356 1401 
3386 3240 
2012 5455 
4222 3029 
1444 3529 
2346 2449 
5062 1248 
3243 2034 
3805 3245 
2049 1241 
5055 4969 
21 3122 
5262 3899 
4279 4071 
1482 3549 
2991 1404 
2049 312 
1706 3245 
4753 1388 
5065 3821 
1150 3518 
213 4476 
5112 4931 
5296 332 
661 4931 
2997 3340 
3869 4894 
2711 803 
5267 1186 
517 3285 
1065 4623 
3926 2183 
27 3613 
2844 685 
412 327 
973 1979 
1075 4492 
2081 4351 
2540 5013 
5418 1101 
4666 2705 
1454 1427 
3428 5097 
4942 1950 
1781 5355 
613 1036 
1501 2206 
784 4155 
1248 2645 
1015 3208 
1163 1011 
3971 3002 
445 100 
1522 3512 
118 2821 
655 2267 
899 313 
3353 2880 
1224 1333 
392 5421 
1127 2098 
2657 4485 
3520 4528 
5457 4527 
1707 3054 
4897 4235 
3078 1259 
467 4099 
3053 3923 
5171 2588 
4234 367 
4097 859 
8 2469 
268 347 
2524 292 
1918 2037 
1239 3505 
3662 2037 
5037 5023 
1228 2646 
5360 985 
2001 1097 
172 323 
3452 2653 
1871 4201 
890 3917 
1357 137 
2796 353 
4172 4420 
1814 4920 
338 5456 
1921 1371 
331 1300 
4692 122 
2677 1560 
1275 4288 
1601 3783 
4651 2338 
4859 4044 
4777 2022 
771 958 
681 4040 
1342 3106 
3921 4230 
521 544 
2243 3270 
1405 4681 
1829 1201 
4359 3780 
4425 4167 
2122 4165 
5458 5224 
333 538 
1873 1994 
1546 2450 
1338 3352 
1279 3812 
681 1436 
5047 1655 
186 1215 
324 4086 
2146 4756 
1942 5409 
171 1710 
3633 3521 
5453 4666 
5378 3865 
5339 5444 
694 5419 
3560 5163 
1100 2548 
3591 1827 
4542 3842 
1725 1427 
196 5004 
5082 4246 
2775 2128 
4343 4081 
1129 469 
2742 525 
2432 2077 
2243 1781 
2471 2515 
2296 737 
1708 1318 
226 3557 
1955 4309 
3557 4202 
3466 1913 
4514 4102 
989 3002 
120 4469 
1748 1380 
4477 4893 
3101 1145 
4622 739 
2878 3749 
47 4418 
727 4324 
407 1589 
2831 2092 
2044 3906 
768 2606 
3906 1429 
4538 3883 
3973 4184 
2702 4295 
2130 4916 
967 3253 
5180 288 
47 4561 
187 1215 
3977 1342 
38 2311 
3288 3095 
3216 621 
2903 3799 
4114 551 
5304 1842 
20 2835 
5203 2902 
749 2143 
2690 1497 
4411 167 
5377 1625 
2733 3489 
3282 2290 
1544 4416 
1909 2677 
676 4050 
3816 3468 
4740 3969 
4001 4448 
2851 2419 
507 1361 
2309 1251 
2149 3506 
2831 1018 
1837 1769 
5474 3323 
4622 1138 
952 2399 
5234 224 
2913 576 
403 3034 
3253 275 
3977 3567 
1940 5147 
3231 2645 
5422 2978 
2675 2933 
2952 141 
286 470 
5317 3530 
3103 5215 
1839 2553 
442 4237 
2163 1596 
4318 3363 
1010 1662 
3081 1027 
723 2005 
3281 3550 
646 1205 
4691 147 
4608 4922 
3850 2706 
3234 863 
3340 166 
2049 2468 
1777 1823 
5318 1498 
3138 3798 
3214 4136 
3976 874 
3567 1675 
549 1574 
4250 2515 
4305 3717 
2743 2586 
3156 2593 
5343 896 
5436 4062 
674 3074 
3239 1106 
3091 888 
5341 934 
4552 4594 
4696 2203 
485 1677 
4230 4200 
3419 2961 
2693 4459 
4401 4552 
2621 1821 
1440 2464 
3968 3630 
115 190 
2577 2224 
4897 2936 
1588 4897 
1874 3228 
974 4869 
1218 1805 
2086 4774 
2856 2484 
476 2201 
4554 350 
3420 4899 
3714 2053 
5196 1086 
4928 5097 
4244 5197 
1128 5035 
1850 4086 
4930 4516 
5002 1640 
29 1251 
4610 3077 
1782 2851 
2783 378 
5359 2994 
4601 4244 
2448 395 
2975 5425 
913 3049 
888 4636 
4052 4102 
202 254 
4524 412 
3307 2402 
4984 3845 
5136 1224 
148 112 
4493 3865 
3385 1204 
1283 4277 
3321 3266 
1366 1659 
2965 4819 
2997 83 
5332 4002 
2776 4609 
4161 795 
2531 31 
2475 4176 
2668 4242 
3397 1709 
4894 2240 
4324 1659 
3083 4208 
3126 3502 
3988 4319 
4511 2972 
2671 3418 
3584 4634 
2304 4617 
4187 3357 
165 4671 
4916 4307 
4252 2291 
2574 2045 
1096 3810 
2357 2225 
598 2979 
4218 63 
1268 2031 
620 1129 
1458 211 
5227 3073 
4016 4463 
1798 3175 
4799 1753 
3590 770 
5105 2805 
3191 949 
72 3116 
3479 4526 
549 148 
3219 5409 
910 243 
1030 3992 
299 2035 
74 2387 
4871 4498 
5379 2377 
172 3147 
3694 1282 
890 200 
1737 3603 
1968 2339 
3359 622 
4543 4053 
4230 1399 
5059 797 
2009 3632 
1541 311 
980 2468 
4880 3097 
1443 2892 
1223 2253 
4989 2459 
4870 1195 
3359 4514 
328 4550 
2830 3085 
4048 2332 
5196 4947 
2372 3887 
2194 1176 
1299 4711 
1037 967 
5304 4931 
3894 2293 
30 4860 
705 4005 
1556 3002 
2373 1687 
2423 4024 
278 743 
2810 2152 
3019 4771 
3221 5248 
4157 1729 
3465 1935 
4718 3645 
5110 856 
2822 4164 
1255 4521 
2293 5363 
3152 1345 
4597 4085 
1353 1402 
1138 3375 
2018 689 
4240 1551 
87 2760 
2592 3368 
1879 2365 
3945 2772 
1564 2802 
2123 4948 
1989 223 
4353 4242 
3890 5396 
4355 1161 
674 4864 
2899 4559 
4677 1324 
2254 1398 
2123 2836 
2131 2579 
3182 1533 
525 4826 
3939 250 
3186 2679 
3625 208 
1422 3704 
547 1479 
2182 5443 
537 1500 
3635 4701 
3127 135 
133 335 
3789 1088 
3558 1512 
1165 2451 
2745 271 
292 3715 
5406 1195 
3745 1167 
3968 4786 
1860 4007 
120 1632 
3107 3491 
2087 4087 
1738 3405 
3412 5182 
4041 4408 
799 866 
189 2222 
127 4800 
2462 1636 
591 3799 
211 5468 
5450 2383 
1802 247 
638 777 
3725 4581 
579 4218 
3337 2855 
5084 1913 
606 468 
3666 5411 
2450 2110 
821 1567 
4478 1746 
5192 4141 
5006 2461 
2420 2846 
3929 772 
4765 3050 
1018 1946 
1819 3447 
1298 302 
4719 2878 
336 915 
4161 3147 
404 3818 
2620 984 
1358 4264 
2792 4160 
5379 2186 
2825 2725 
1008 487 
919 197 
5388 5441 
3889 3685 
2190 5367 
4484 2015 
1385 4741 
4172 4607 
4452 4552 
2888 1357 
228 1036 
5463 4931 
2393 3972 
3900 3317 
35 2632 
3742 2528 
2154 4261 
1368 1333 
610 4795 
2938 1298 
4162 3875 
3491 545 
3768 5007 
3830 662 
1046 4876 
3536 3103 
4968 2950 
4479 2288 
599 2972 
1382 4257 
3375 2703 
5459 241 
2880 199 
5166 2350 
3390 988 
5457 238 
4523 1474 
4001 2344 
3122 216 
3417 4204 
3507 1959 
5030 316 
316 959 
4949 340 
2895 2697 
1827 4201 
3743 1389 
3675 3340 
2703 3349 
1164 5209 
3460 4500 
3478 3227 
2635 1738 
4912 5287 
2697 3940 
3501 2757 
2885 3495 
316 3110 
2411 4497 
2176 3648 
768 5315 
884 929 
2616 1913 
2715 4410 
4136 4412 
5094 4794 
3411 1068 
4697 2661 
2867 1035 
413 1044 
3718 976 
1013 5100 
4225 2899 
2775 2804 
2402 1544 
3157 4615 
4015 5182 
3149 3845 
312 1648 
1327 1174 
6 282 
1184 4226 
5376 5467 
3105 4961 
1077 3918 
4297 4496 
4124 3053 
2652 3657 
93 2666 
3706 2573 
3171 4703 
5460 2538 
2415 734 
2379 990 
248 805 
4257 4674 
1830 1938 
4159 5355 
1979 3245 
5291 3410 
2811 2203 
4299 3146 
2022 1784 
507 4393 
1827 3313 
3008 3952 
4808 1068 
4974 2966 
1612 4210 
3877 4532 
433 810 
1619 1102 
1587 4681 
5461 1499 
2800 1193 
5442 111 
5194 4428 
3599 450 
3207 3667 
3730 3791 
1409 3197 
5144 5181 
183 5478 
1559 1247 
4361 3556 
2157 859 
1102 753 
3927 3809 
1870 713 
3056 3268 
1562 902 
301 2008 
1849 2651 
829 4971 
3848 805 
3069 4983 
1136 3449 
4665 1089 
611 2057 
3408 4913 
127 3341 
2012 1225 
2860 3855 
2693 1944 
3949 2962 
2812 198 
703 42 
4793 2896 
3393 4661 
2170 9 
4236 3304 
1978 44 
3214 2066 
5095 2895 
2081 2865 
5477 4722 
3391 2767 
739 565 
303 4419 
1445 5368 
4481 4787 
454 1026 
3716 1585 
943 2731 
4431 1007 
2902 5445 
5153 5043 
697 978 
3531 5150 
5309 5135 
3912 3414 
1268 4258 
4700 4193 
1262 5393 
2638 1207 
4928 489 
196 496 
206 3968 
3836 5080 
2821 1974 
5382 1433 
1308 3685 
4629 3508 
2513 1747 
1207 1090 
3015 5287 
2140 4744 
4934 1480 
803 5247 
3736 5088 
2615 3783 
1520 4407 
78 4082 
2017 5077 
1479 3111 
1288 1630 
5397 4505 
5127 3878 
5195 5197 
4169 970 
724 2634 
2714 922 
3347 3151 
1177 2621 
1145 2074 
4921 1531 
5004 891 
444 2464 
1742 2211 
4190 3202 
2228 5389 
5296 4126 
1417 1498 
4357 4258 
1504 4688 
2088 795 
4586 2280 
4211 1671 
5062 684 
172 4142 
5420 4204 
5337 2947 
2061 3678 
2787 4705 
312 4246 
988 4405 
2076 2489 
3277 626 
5358 1758 
5072 1321 
2011 1362 
4274 1158 
3872 629 
4429 5108 
1082 3413 
89 56 
4369 1381 
3600 4605 
4682 1664 
3922 4010 
3271 197 
2492 1475 
4125 757 
5097 2528 
463 949 
2340 2284 
4233 2335 
3864 4462 
3429 1166 
4135 5221 
4695 3020 
3961 1554 
5238 318 
2917 3449 
568 3384 
2689 2942 
2292 2749 
73 1821 
1583 2407 
4614 1341 
4424 3261 
1187 624 
3547 2436 
1165 4661 
3401 1075 
2257 103 
1480 2498 
1247 746 
4111 2279 
4462 4205 
24 551 
5011 2464 
5278 5362 
1660 4027 
745 4049 
2130 440 
2277 3550 
4916 2675 
3617 5205 
164 4533 
2797 4799 
69 4889 
938 3260 
1215 483 
3519 5229 
1362 2266 
1739 3725 
5197 4683 
3702 555 
1947 1454 
4319 2621 
3447 1410 
1607 5374 
5203 1395 
3851 389 
1625 2865 
795 3606 
5216 1722 
5027 342 
4169 4040 
2644 4565 
4346 1593 
394 3495 
2884 4575 
940 1928 
2713 1394 
1963 4849 
4993 4821 
3515 4381 
765 4834 
4485 2429 
348 135 
5001 5066 
3705 3285 
2186 2924 
1095 3923 
3218 360 
5385 623 
2104 2369 
1328 2961 
1219 4805 
4038 4506 
5102 3561 
4733 5395 
2406 5226 
787 3109 
5011 3715 
895 1798 
2972 2518 
1597 4320 
713 2251 
3951 3057 
3255 3916 
1661 5056 
3888 1648 
3602 3063 
233 3579 
814 3895 
974 997 
774 2957 
4504 3326 
3903 1491 
1739 4553 
572 178 
4912 805 
4627 3749 
3240 2020 
629 2245 
4337 1518 
2203 3140 
2300 4799 
3861 5115 
3291 2990 
4959 1392 
4273 3664 
2968 4050 
3077 3320 
2079 2834 
2279 2723 
2930 1241 
2293 3706 
1096 4272 
1914 2641 
1987 3611 
2808 1448 
4533 5360 
3819 3682 
2239 2182 
5145 1923 
2111 3085 
4955 2053 
2291 4943 
3078 1986 
1284 1034 
3881 4886 
1922 3562 
2302 4918 
4055 1196 
1398 999 
1532 3719 
4433 3164 
888 1792 
1822 4906 
2757 115 
4344 3979 
686 5111 
2599 418 
4359 1910 
1945 948 
4604 3134 
431 140 
5003 4859 
4059 4255 
1903 2401 
1267 4274 
2283 1277 
4693 2900 
96 4161 
1983 1739 
311 1341 
2455 4411 
1737 1947 
4131 2998 
1221 3360 
4789 4592 
896 1670 
853 3062 
4917 4340 
5381 930 
2427 2257 
5072 4396 
2333 397 
3910 135 
1069 2725 
2628 4614 
1958 5298 
1177 1099 
1714 1798 
938 2357 
783 285 
3909 735 
1370 1155 
3476 4573 
602 1270 
4119 49 
221 4632 
4921 4318 
494 4477 
1581 4197 
2899 1159 
3427 140 
2000 2372 
4255 3936 
2693 2840 
4582 208 
1348 4251 
2165 1797 
5335 5000 
801 378 
924 3381 
4660 2171 
4816 747 
3915 1758 
5010 3364 
3537 3342 
2536 4645 
3947 3201 
2428 2453 
4859 4880 
623 56 
5116 2349 
3578 3038 
231 716 
3066 2561 
3466 5192 
1789 4870 
2302 1425 
4937 3381 
4928 1203 
2855 1535 
3801 1561 
2158 2354 
906 2320 
5288 3287 
2794 1122 
4416 5351 
2356 676 
2318 1789 
3250 3492 
2069 2614 
1477 3327 
208 2528 
3186 1325 
5153 1978 
4528 1704 
4870 51 
2220 1483 
5294 2907 
5130 2225 
1569 902 
488 2229 
2517 3153 
3736 4770 
5364 2881 
1349 1812 
4151 58 
1981 3800 
3059 612 
3406 937 
5229 1509 
2312 2035 
3803 5315 
2291 940 
3485 1247 
2235 3704 
2453 4218 
2783 3124 
5364 1613 
2726 5383 
2426 414 
3636 3731 
476 5233 
5193 362 
5283 4976 
2436 2665 
4354 4255 
3074 5413 
954 106 
3920 5087 
3194 1876 
1691 573 
52 1599 
3203 5351 
220 4647 
3535 1392 
4418 1456 
1330 833 
1300 2897 
3533 740 
4174 2385 
4104 2385 
1717 2388 
3979 5337 
3865 5080 
3620 1724 
57 2459 
1094 5292 
2348 2261 
2458 931 
718 1393 
5082 1014 
2638 100 
1412 2945 
2973 3074 
4248 5221 
5353 2510 
1709 3718 
3418 5068 
2816 3540 
356 2382 
704 2062 
1002 336 
3765 2584 
5423 2385 
2315 1935 
4979 4306 
4308 597 
4073 1297 
1663 3720 
515 2151 
2353 1553 
3034 861 
4150 1443 
1776 5169 
1922 3328 
1197 4782 
1171 899 
4826 1895 
3583 5471 
5286 327 
3658 601 
609 258 
1858 670 
4813 1402 
373 299 
906 2390 
3220 1292 
356 1014 
3360 2086 
2051 414 
213 843 
2253 721 
4374 2741 
2582 5138 
2959 1399 
666 723 
5250 1212 
4711 993 
1491 3264 
1383 2378 
1858 3153 
1584 3462 
1324 4566 
986 1920 
1896 2245 
134 3041 
2802 5190 
1295 1344 
94 4921 
4041 1343 
3443 990 
4718 2520 
3147 3310 
4444 1877 
1809 2320 
928 1898 
5308 1577 
1313 371 
416 3039 
2758 4076 
450 4758 
3799 3000 
2037 834 
1779 237 
4481 5257 
1491 4613 
1717 3179 
4599 4949 
4305 3326 
3174 5046 
2613 88 
692 566 
4786 321 
5283 2959 
5138 4011 
2912 5095 
3207 4434 
4819 2124 
4265 3479 
3039 650 
5111 208 
2459 3630 
2492 540 
2813 2390 
4071 5041 
2935 750 
1 587 
5321 5120 
3938 1238 
4098 935 
315 1374 
4351 5402 
1176 4479 
739 2360 
1594 2176 
1131 2159 
825 5089 
3960 1109 
2957 4115 
463 163 
814 675 
5069 4232 
1173 96 
415 565 
157 869 
5134 3187 
286 727 
5216 1729 
3595 1579 
645 4123 
2708 16 
1073 2581 
1182 3969 
1246 3082 
3586 1997 
1010 2735 
1013 4236 
3384 1140 
77 1318 
4677 791 
3930 767 
4481 1003 
247 4654 
1132 1466 
5017 5394 
4320 3034 
1464 1781 
791 1830 
1195 1009 
4830 2320 
1939 983 
2098 1583 
4707 575 
1484 3968 
4075 4774 
62 3768 
4142 2033 
1485 39 
3578 1411 
1700 4776 
5056 4669 
500 5020 
4228 1321 
1777 4959 
5440 574 
1476 217 
4270 5258 
654 1807 
3601 4308 
3054 2431 
1714 4972 
3661 4030 
348 2657 
1868 4322 
593 2476 
2850 695 
5426 3189 
639 1675 
1927 2752 
5219 4021 
4379 2125 
772 2093 
893 53 
1644 2906 
695 2803 
4094 1511 
275 554 
5083 2230 
4826 3513 
4741 684 
1825 942 
2806 5086 
507 2685 
2770 1227 
3541 4910 
4523 368 
3375 768 
4492 5349 
2362 3724 
925 2666 
3732 4424 
358 608 
5116 4738 
4929 1338 
5180 4374 
959 5226 
2381 912 
4013 3047 
4472 4387 
4554 2150 
3805 4000 
1335 187 
1744 2485 
2494 2208 
4587 4131 
3525 2835 
724 2814 
3872 1850 
5012 2245 
3734 2570 
2521 3872 
1680 1140 
2398 4091 
5387 979 
1077 2198 
4173 5035 
727 3355 
2751 1022 
3017 3454 
3226 4383 
1040 371 
4229 4013 
5203 2631 
2758 3037 
3323 1687 
3711 4821 
2745 1499 
3584 4377 
3185 5116 
1395 269 
1858 2015 
1210 1885 
4460 3780 
4228 1563 
738 5110 
3927 690 
1755 3246 
4185 1450 
335 485 
5235 3956 
3203 4079 
3242 3788 
322 2869 
5115 4649 
83 847 
876 2337 
3150 5375 
3086 3998 
4064 1029 
4683 445 
821 1399 
422 3408 
3144 346 
178 409 
1076 4847 
2278 189 
1529 5202 
847 1153 
676 466 
2436 4192 
263 5480 
3582 4782 
2856 4237 
1316 2652 
550 671 
3561 540 
5007 150 
950 2573 
4252 3686 
3825 738 
436 423 
963 4377 
5151 612 
4492 1211 
1999 4829 
4464 5440 
4171 3550 
1345 211 
3788 380 
1854 943 
3452 3593 
2848 4266 
2725 883 
2057 1534 
2825 1243 
335 79 
4321 3123 
345 3999 
5472 2652 
1963 4610 
4828 3114 
1495 4780 
5402 886 
2546 2193 
0 4097 
2232 3994 
3247 2575 
65 1921 
1441 2097 
4255 4023 
379 1942 
3699 772 
3379 1753 
3662 1846 
825 2815 
3522 144 
330 404 
2372 1567 
4740 2310 
2349 146 
4118 3275 
4905 289 
486 5243 
3839 426 
3027 1446 
674 1347 
1899 3671 
2240 2201 
1756 2652 
2045 3368 
1126 609 
1806 53 
4236 924 
384 4026 
5417 1402 
4441 2554 
4202 4030 
3655 3983 
535 5085 
487 3833 
2886 1977 
1808 2182 
3038 191 
2607 2152 
5417 3671 
5324 104 
1991 1366 
295 4724 
1751 1686 
4865 822 
4513 5449 
810 4673 
1764 1071 
1306 3923 
607 4212 
3101 3687 
709 5433 
4999 958 
2010 3090 
3905 1267 
3788 2327 
4285 487 
1943 3185 
3122 2738 
1591 199 
2945 1112 
1504 4140 
1902 1080 
4846 2675 
4449 13 
3717 4240 
825 3238 
5421 3789 
3859 3655 
1695 5234 
3754 4563 
4489 2182 
2209 3847 
3759 2004 
3583 3469 
5159 873 
2051 1860 
5407 2716 
2093 1835 
2174 2618 
3056 1042 
977 1556 
5045 1697 
1581 2479 
2623 604 
1314 4409 
4569 1503 
2180 450 
4142 904 
1406 2392 
3776 4740 
103 3761 
3613 570 
4983 2808 
3501 5109 
143 2619 
5465 5134 
3204 3293 
5225 4720 
4280 755 
636 2655 
1730 4547 
4981 3713 
3241 2651 
746 1905 
2243 1354 
5170 1499 
809 2462 
2200 850 
112 1117 
5080 1576 
3706 94 
1571 1186 
2757 1972 
372 900 
1351 2 
4329 4831 
2627 4381 
880 4967 
981 1569 
3678 4920 
4674 3865 
2221 330 
2626 4039 
4971 4811 
191 832 
2157 1846 
2480 2013 
3039 4573 
2302 1307 
1802 2524 
5132 2444 
1462 4929 
3287 4261 
3998 1895 
1330 969 
4828 395 
2024 4140 
3977 164 
2830 362 
3859 5002 
2126 1468 
1399 2202 
3036 52 
4139 12 
1572 2010 
4738 3701 
5109 1186 
4178 3075 
2896 3428 
1303 4944 
2397 2060 
4871 60 
4005 4326 
4187 771 
3702 5243 
4630 3606 
2777 2954 
905 4076 
3707 4175 
2473 2863 
1623 2198 
3436 4537 
4376 3502 
2150 2565 
3551 2331 
1540 4759 
743 1386 
1563 3528 
3096 2141 
1957 2893 
22 4071 
586 5 
3960 1832 
2670 4972 
427 4648 
3702 2444 
1855 633 
3096 3937 
4326 3263 
4349 5116 
3188 2261 
3775 4669 
4526 5451 
2004 1856 
5326 2045 
5252 1798 
2764 847 
1825 775 
1596 3889 
4930 2656 
1257 1799 
4182 2151 
1862 624 
1900 5169 
2354 1601 
3991 2005 
1028 1530 
4922 4577 
589 2073 
2001 148 
1273 1947 
1376 1259 
1966 4768 
2663 1823 
2411 4849 
56 412 
2912 2203 
1871 1567 
136 1243 
5015 5060 
3568 2894 
1575 5364 
3199 1675 
663 1079 
2127 539 
3583 2685 
712 4018 
3064 204 
3203 1670 
2671 50 
4445 1193 
441 4424 
180 1968 
3656 1396 
1550 665 
1203 920 
3743 2746 
2589 2452 
1326 4275 
4579 5084 
1707 1299 
913 4869 
1293 1699 
2216 4935 
4167 2389 
4789 1446 
1751 5359 
1120 2237 
4255 5017 
2127 4222 
2057 5311 
1145 203 
363 3921 
1459 1160 
3428 1191 
3793 4334 
933 4528 
4738 1281 
4737 3851 
3527 3211 
2927 3002 
14 3488 
5266 96 
1825 3930 
575 4200 
304 2564 
1315 1565 
4212 3605 
3541 1321 
491 1385 
2442 247 
4197 1613 
4879 4748 
1388 881 
36 1177 
5159 3950 
4595 5432 
4649 1832 
2529 4174 
5193 4912 
975 4324 
1535 3292 
1306 122 
129 3215 
2681 4183 
5383 3862 
1555 2691 
542 3523 
5343 3496 
1386 3331 
934 479 
2981 381 
5459 2746 
2552 4907 
4348 4228 
1470 507 
5255 2072 
4865 2788 
4469 1979 
2164 3221 
184 2975 
4334 3983 
1078 5333 
5366 1760 
5301 3829 
3550 735 
4617 5471 
2182 4720 
4032 2853 
1584 4049 
3057 1754 
4947 3459 
3327 3511 
2773 2086 
1078 952 
274 3570 
668 1365 
1429 1517 
1652 1000 
3247 5438 
2293 5092 
3359 2456 
4601 583 
42 3651 
2760 1418 
1111 3107 
3760 1417 
3900 1844 
5446 3492 
3229 780 
2351 2074 
1234 229 
4062 3411 
5201 2374 
2076 4073 
4213 826 
4936 2068 
2198 2094 
5320 4684 
140 1305 
4754 2263 
4936 2894 
1372 4687 
1407 3032 
1452 2975 
4367 4546 
1840 107 
4530 1676 
4062 1685 
5290 3717 
352 5122 
930 3395 
2186 5421 
3856 1349 
5060 5151 
4059 2583 
710 2558 
3599 53 
5334 1409 
5089 4660 
1040 1098 
200 2645 
2118 502 
3674 2669 
3653 5250 
5328 1349 
1856 2276 
1991 2034 
3224 2991 
3416 265 
2393 2469 
1436 4553 
1372 852 
5090 5274 
1269 1859 
3927 1534 
3 4311 
1302 5303 
5310 4796 
4470 4546 
1524 1057 
3214 577 
4425 1457 
4407 4645 
561 3813 
1343 4288 
1591 2256 
4339 1578 
4597 2634 
5436 1627 
4997 3402 
5439 5229 
2580 3077 
2691 895 
3459 3637 
4642 791 
2654 3751 
919 4302 
1630 1870 
3714 1058 
4304 225 
2213 2388 
487 1210 
913 3955 
2421 1583 
3473 154 
2899 2163 
4439 878 
2409 3931 
1573 2564 
3245 2945 
3774 4419 
4990 3837 
4638 1699 
484 4128 
3257 2092 
5471 196 
1842 163 
834 4904 
1524 3165 
4749 11 
4456 4902 
3747 1877 
4658 216 
4978 3302 
3928 806 
4675 807 
3428 4696 
2495 1850 
324 496 
5013 5151 
5003 1422 
2396 4112 
2420 190 
3547 2441 
269 2918 
141 368 
3600 590 
1527 1559 
5413 3095 
1072 4748 
4333 142 
4781 614 
367 4456 
1185 5127 
462 4016 
5471 5142 
3503 4144 
4865 2572 
5218 4497 
2923 2761 
2105 319 
5023 5110 
4781 4025 
2671 3577 
4731 1023 
990 1032 
1506 3725 
5143 1242 
925 4852 
2626 4974 
2096 3028 
2229 1248 
2981 2514 
2880 2109 
4338 2638 
5013 4466 
5198 5234 
2645 1946 
1560 2447 
5335 3349 
2365 1860 
4567 814 
2084 3720 
2933 4939 
1659 3002 
1430 2026 
1232 144 
2607 1328 
905 1386 
4025 5209 
2658 4867 
1218 3529 
1401 1083 
1662 466 
3205 3316 
5124 3472 
3591 3730 
2378 4423 
4856 4182 
1839 2257 
3314 4177 
3684 3504 
1736 1951 
569 5162 
2958 2440 
1184 5432 
5328 1894 
2775 4563 
2897 283 
1166 3938 
1200 1607 
2103 3882 
2830 1546 
4139 1463 
1520 3649 
218 4287 
603 761 
4717 2743 
1147 2100 
4038 1889 
2268 522 
1346 2201 
5380 5106 
1901 293 
1498 1806 
3196 3026 
4748 3328 
5446 4978 
5269 2314 
5353 869 
3503 4486 
735 4092 
1497 5390 
5459 3526 
2074 2273 
3892 3474 
3435 4588 
4193 3784 
1799 4105 
15 1228 
5388 1209 
1888 2359 
4149 5422 
1448 4346 
108 2827 
2455 932 
2491 997 
140 4393 
432 3347 
3911 3478 
4351 4619 
5101 1451 
2486 3259 
5257 4879 
3092 3651 
2910 2687 
3351 505 
4160 3588 
5381 2970 
463 2060 
1070 1516 
1558 4190 
1944 1430 
5230 76 
2489 3817 
3683 4898 
2936 4934 
1474 2884 
1949 3205 
2642 2354 
4787 3849 
336 3259 
4124 215 
3055 2868 
4876 5389 
84 4183 
4337 4136 
3006 3447 
1667 3111 
3101 2072 
3344 392 
3512 560 
775 4065 
656 2535 
509 5282 
3135 4188 
5224 408 
4978 2878 
4806 2159 
726 3698 
4318 1371 
1981 3328 
4502 2613 
2617 2587 
3317 134 
4540 3571 
4029 1843 
3502 2937 
2555 931 
3177 632 
4701 439 
1917 2008 
1828 2157 
1358 4510 
3295 667 
2956 465 
1930 165 
1898 3443 
937 1706 
1261 1844 
2597 3948 
1988 1145 
4096 4366 
1135 5077 
4685 4011 
4148 651 
3460 3986 
4491 3901 
3949 503 
783 1625 
3201 5140 
1434 1660 
1319 3175 
3860 876 
3880 3733 
4107 3180 
4723 4923 
4840 2270 
334 2456 
1874 4366 
3753 3980 
733 1893 
2697 3178 
253 2514 
4148 676 
1565 4801 
4010 4781 
4580 1547 
901 5138 
3953 2674 
4927 3745 
2242 935 
819 3184 
3997 2287 
1970 3224 
367 3584 
3258 2997 
1056 3519 
1258 3329 
365 2499 
4192 1222 
2346 4872 
1823 2599 
4741 1887 
357 1852 
4245 817 
3711 1578 
2366 5252 
4232 2603 
3142 719 
3868 1718 
2792 481 
2470 5036 
2462 4314 
3216 3652 
3947 2213 
2345 4199 
3409 5031 
2994 2155 
614 994 
782 716 
4723 5354 
1574 380 
2459 3991 
2623 268 
3846 4460 
2962 4271 
2428 2554 
4482 4623 
1890 2207 
2209 3215 
945 922 
5170 3779 
5065 3401 
4473 802 
1818 4646 
3511 976 
1012 3714 
5251 3485 
430 3246 
1276 1975 
3776 2534 
2935 2634 
3760 2121 
516 1258 
3245 3253 
905 977 
1976 86 
3170 1142 
3989 2541 
2442 4594 
695 2325 
862 5166 
1595 4719 
4564 3764 
847 5429 
3614 1022 
3491 2990 
476 783 
4279 4778 
3981 935 
1257 3924 
4517 3284 
1458 1485 
1559 1006 
30 5190 
242 4708 
5376 4096 
3868 485 
5218 3542 
2886 5082 
3689 3062 
3374 2503 
5427 1086 
422 3189 
4087 4765 
2138 3697 
4788 5203 
1517 542 
3348 4487 
1790 1351 
2306 4063 
305 2963 
4844 2736 
4579 658 
2202 5287 
4760 3572 
3892 2660 
3033 2260 
2015 5376 
1312 2043 
4613 4798 
3288 689 
771 2535 
3905 3407 
96 1695 
4308 5132 
5265 4371 
1339 415 
4988 4492 
3969 4280 
2054 4092 
3787 955 
2294 2119 
3548 2334 
3941 1967 
2408 5349 
2326 4114 
4638 3921 
4382 3166 
3830 3600 
3397 4629 
4733 354 
5028 216 
527 5275 
2802 537 
5362 1562 
2890 709 
2684 3320 
5001 3949 
69 4738 
1778 4638 
2260 3936 
3922 1608 
5038 2370 
823 5299 
3829 4823 
2515 1651 
536 3397 
4599 4854 
4061 2907 
2813 1280 
4056 5198 
1271 4753 
257 316 
2158 4860 
2392 3885 
1164 4563 
2115 924 
2971 1006 
676 119 
387 2976 
4782 83 
2105 5420 
5365 4747 
4974 1762 
25 3533 
4482 2272 
1865 480 
1767 1822 
4419 1174 
2926 4350 
2581 4271 
5251 3169 
4116 1803 
1845 3363 
1308 5297 
2540 3497 
3060 3973 
2226 3424 
4131 3627 
2625 2497 
1635 3843 
172 5342 
1663 3113 
4221 4153 
2697 1875 
2066 108 
1103 3052 
1487 2995 
896 3271 
3169 4407 
2738 3292 
2797 915 
414 848 
1946 646 
1466 475 
4954 540 
3007 5364 
4950 415 
1772 3801 
3410 4781 
285 5466 
1388 3868 
3494 2756 
4663 4554 
1180 4895 
1085 5103 
1596 4224 
1330 246 
369 4891 
4297 1765 
2377 1666 
5206 245 
3571 5451 
1970 3929 
4082 800 
181 4049 
4720 3147 
563 944 
1681 4618 
3933 3807 
576 1941 
2789 404 
4885 2545 
3096 3578 
1891 1023 
1222 3124 
3820 666 
2909 4683 
4574 932 
3791 1675 
2733 2806 
3744 5146 
4145 2720 
1212 3045 
3036 1147 
3423 3257 
3088 1157 
1147 4473 
3362 3592 
4816 989 
1271 4522 
3779 3377 
2740 2677 
300 2047 
2609 332 
3607 579 
1648 3014 
2637 1999 
2159 4846 
5404 2503 
2760 3286 
62 3850 
1263 3547 
4396 632 
4183 3151 
4865 1584 
5135 761 
1473 2912 
2335 2418 
521 414 
1985 1703 
1681 2733 
3239 4324 
5465 5313 
2340 4605 
1205 4277 
4432 260 
126 843 
1582 634 
318 4035 
3032 3375 
2919 4052 
4220 5271 
1802 1263 
1914 685 
2107 3775 
4894 1634 
3097 230 
3406 2731 
3520 2874 
5293 3167 
182 666 
4923 3658 
662 2443 
2360 3492 
3632 3098 
1998 4938 
871 3070 
4259 2966 
2578 3841 
1326 2524 
4103 1362 
844 2260 
5370 897 
663 1954 
1244 2711 
2070 4592 
5265 4310 
4043 110 
2310 765 
1914 912 
5017 2664 
3990 4477 
407 1072 
2293 2023 
22 1147 
1116 3378 
3816 2651 
2642 1678 
3685 3693 
1899 1395 
2635 4163 
5093 1176 
3209 2708 
2153 5177 
2389 2095 
2331 209 
4906 2005 
2732 1329 
3003 2774 
1636 4858 
1004 1146 
1583 2263 
4505 4370 
4909 2530 
4177 3950 
3247 2989 
230 2789 
4503 4361 
4128 3742 
3233 5045 
3952 2987 
3638 3364 
4384 2144 
5142 54 
3195 187 
3759 1494 
2822 4668 
527 231 
5135 355 
5480 4120 
2090 11 
3063 4049 
501 1171 
2827 2962 
2372 2642 
1563 3628 
1280 4052 
3151 676 
3297 4696 
5314 4382 
2748 1442 
4543 3761 
141 968 
4381 1474 
2654 3528 
1188 3235 
1690 2390 
3239 2685 
2065 1104 
4461 5307 
4999 3271 
2973 2584 
201 3178 
1295 2522 
1126 1802 
952 651 
4915 4016 
37 3578 
1277 2030 
2094 2864 
4010 137 
4119 3703 
982 5296 
3688 2062 
1944 4874 
3703 500 
4246 4549 
3408 902 
788 4064 
4680 3463 
4292 2770 
2709 227 
2281 4868 
4441 4432 
4702 87 
3461 4699 
3717 4847 
1459 4955 
1890 1997 
1855 325 
4219 2371 
4912 2485 
4554 4495 
4670 605 
2545 3251 
4709 4884 
141 4690 
3720 3069 
700 4442 
1241 3264 
4177 1556 
2627 2633 
1319 1346 
2665 1380 
811 537 
2321 3210 
5052 2254 
942 2924 
3025 4864 
1193 4637 
2267 3168 
3503 1584 
2464 1791 
2383 3562 
4720 3509 
2957 1511 
1432 4321 
3034 5458 
3771 1987 
2399 928 
2484 3195 
4364 758 
357 3037 
5305 4725 
814 2390 
2177 1886 
4176 508 
2310 4213 
2434 1931 
607 4439 
4199 3739 
3712 3293 
2700 5 
2505 4000 
1067 2748 
5144 818 
196 3344 
67 475 
4631 2646 
1490 2400 
1272 1615 
5148 2805 
1562 3953 
4871 42 
3327 5349 
4671 3243 
4112 1508 
2067 3866 
4441 3398 
4669 4781 
1877 3466 
4816 4093 
4491 1753 
2722 1111 
5433 5429 
2052 2021 
2970 2397 
829 4234 
1231 4938 
2618 565 
3955 3475 
3241 1751 
4140 3593 
734 4141 
2696 2842 
2219 1347 
4144 255 
5376 5080 
3430 1104 
4734 2082 
2134 1840 
4251 4229 
2232 2916 
5387 4784 
3219 1405 
2392 3803 
78 2782 
2514 1656 
479 2851 
2066 2473 
879 3240 
4974 4019 
4906 464 
1206 1532 
2335 1512 
624 4710 
1398 630 
4008 800 
4328 2049 
4017 3730 
5332 2694 
5112 1815 
2865 3390 
3649 549 
4990 1573 
4430 20 
2495 2008 
4282 3797 
2078 924 
2748 3867 
4767 4936 
2507 2609 
3777 278 
205 3985 
2068 2244 
56 2600 
2643 2983 
2901 5193 
3231 2728 
2522 4157 
3143 3132 
1241 3965 
3438 3749 
333 3316 
4989 4439 
4930 209 
1636 2740 
215 3508 
3788 948 
4611 3009 
5089 2507 
5048 2874 
81 378 
4946 2324 
3961 25 
4800 4839 
1008 1910 
1981 2063 
2390 4431 
2589 4033 
72 1691 
3690 715 
5139 5076 
3412 5004 
4720 4456 
1173 4390 
3273 5225 
4571 2243 
232 2803 
4685 1831 
2030 2824 
5188 575 
1995 4192 
2366 4560 
223 445 
2376 1095 
4153 4056 
1341 2558 
5245 3009 
1128 2035 
1883 5111 
1394 918 
3475 2756 
1873 3678 
501 2903 
1547 2953 
4560 5381 
4363 4052 
5179 1303 
1031 2054 
4960 1281 
3249 876 
1569 2202 
4714 790 
3987 3722 
4068 1905 
4188 1475 
3578 2615 
3341 1193 
4201 4868 
2759 2524 
642 5189 
2833 1631 
4445 2412 
901 2714 
2873 80 
1436 274 
2155 2186 
4641 1732 
4053 4095 
3014 2988 
5085 974 
1592 1802 
4489 4132 
1556 4507 
324 4930 
33 3920 
286 325 
4481 111 
4397 253 
238 3763 
1799 1720 
4567 4675 
5207 1565 
1794 2366 
4706 1389 
5176 748 
2345 2964 
1427 3419 
2407 391 
1042 5137 
1998 4755 
105 5462 
456 4984 
5296 2733 
1069 350 
2676 5307 
426 4247 
424 1439 
2131 4421 
4534 1245 
4508 2227 
959 1695 
3145 4402 
2449 1053 
1087 105 
244 3725 
3751 1730 
5340 22 
3610 2095 
772 4474 
2939 2578 
3298 3100 
3758 888 
1952 4245 
1986 2745 
289 3782 
2130 2401 
1493 3921 
5214 3610 
4493 4505 
0 5200 
1448 3625 
2451 344 
3643 978 
3914 2524 
4609 1658 
4553 2379 
2009 4144 
1712 4211 
116 2620 
2308 4533 
3629 4309 
4924 1414 
208 1200 
2171 823 
2119 3165 
4850 876 
1850 3181 
1322 383 
4737 2574 
4994 3217 
4268 389 
4929 2969 
2023 2799 
4085 2465 
79 4779 
50 3864 
2861 1069 
3135 3228 
798 4727 
1910 1094 
2549 3258 
402 1398 
4124 1039 
963 2698 
3939 4737 
2064 3002 
3901 520 
1530 4065 
3041 1102 
4802 5306 
2242 1842 
2101 4321 
2766 966 
734 4883 
837 2401 
4828 3904 
3861 4933 
2779 4988 
5011 2235 
4716 2330 
2262 5377 
4323 1215 
2814 5226 
4211 3944 
2159 2664 
2790 357 
3018 3824 
3076 814 
3168 652 
4851 1527 
526 3613 
305 2240 
1933 3053 
2435 3964 
3981 5055 
5007 1083 
2161 436 
4721 1793 
3459 3114 
2427 4089 
4327 4751 
3134 2282 
4665 4198 
3891 4801 
5014 3079 
447 1831 
5241 490 
3909 4248 
4585 2140 
1365 71 
3820 4660 
4416 2124 
38 4932 
2743 3790 
4280 2164 
584 4523 
3759 1440 
1039 1477 
1860 1836 
2791 3082 
3249 3441 
4876 3164 
1577 4710 
4144 2525 
2350 1605 
598 942 
2669 1129 
4832 971 
2903 2099 
1287 1773 
1411 3449 
2898 5474 
5071 349 
1950 5122 
82 1098 
1344 5464 
5219 5079 
2426 3404 
132 4790 
2022 1194 
2704 4098 
4262 993 
2105 2379 
224 1347 
2769 58 
1678 3127 
2660 4682 
4770 2090 
2908 1196 
3292 1329 
3596 4492 
4921 1666 
4642 5161 
2297 2181 
183 5347 
4046 3940 
1728 2653 
3506 3301 
1704 3777 
5284 622 
4112 3661 
3046 3587 
2199 1935 
4663 4466 
5240 852 
4387 1572 
335 3442 
1993 2942 
5311 4362 
214 2579 
5036 2579 
362 4360 
3721 3930 
5378 2963 
4227 1421 
559 276 
4144 444 
2798 4733 
4959 3700 
1396 2740 
4346 4303 
845 2888 
3967 3670 
1031 3965 
1672 3927 
979 3819 
2551 2818 
3409 4316 
81 1510 
787 3376 
4735 1527 
4946 1507 
2336 1235 
5302 667 
1440 3228 
2901 4434 
4644 2114 
2709 291 
2426 483 
4468 2129 
900 661 
1334 3484 
3514 4746 
2124 4627 
1842 1742 
3203 860 
394 3336 
4605 1344 
1436 2248 
4010 2025 
3675 3227 
1891 1036 
599 2501 
1552 3736 
985 1762 
4161 1147 
1740 700 
4430 4832 
2882 4943 
2153 5442 
4000 261 
1738 2704 
1393 4773 
983 2235 
234 3458 
2889 391 
3163 2666 
3158 3365 
232 3606 
5318 336 
3123 518 
5172 1318 
497 285 
1949 4212 
3394 4021 
4848 1206 
858 3740 
4888 473 
1354 4328 
1901 5453 
959 5022 
307 1080 
1109 1574 
5140 4658 
2326 3550 
2216 1642 
1933 5230 
946 644 
3265 3098 
3173 2023 
4988 390 
2634 2252 
3299 1481 
4187 1147 
2157 5000 
4709 5341 
11 5065 
616 416 
324 5137 
2835 1711 
3631 1691 
234 3449 
2989 276 
3673 4986 
1252 2845 
22 1845 
2583 1281 
3692 1830 
1371 2778 
2009 951 
5385 1510 
4397 4519 
56 2568 
5114 527 
290 386 
1352 5171 
1092 3645 
926 4311 
464 7 
1072 2699 
3893 2629 
1105 2335 
5055 2344 
299 5413 
3969 1199 
5449 3002 
4595 5475 
1037 1003 
3200 2430 
559 2211 
299 1233 
5045 4721 
2496 1096 
123 4055 
2031 1955 
4722 3600 
4231 187 
2262 4177 
4741 1341 
4522 5244 
4714 977 
4910 61 
1165 2458 
5180 1726 
3727 2404 
1114 4526 
3298 1332 
2814 1109 
201 2232 
2026 1310 
2731 3102 
4671 5210 
1927 2505 
3430 1087 
3354 937 
550 5339 
620 2876 
2072 4306 
2238 1058 
1627 820 
1855 4525 
3912 1417 
3651 8 
3230 3801 
3941 4214 
4948 1356 
5132 174 
5127 4963 
3250 5437 
4234 2137 
4330 5047 
2127 7 
2831 5150 
5007 4606 
2695 2263 
730 1415 
951 3940 
2832 2969 
752 5348 
851 3925 
3646 4585 
2018 960 
463 2788 
965 3058 
753 1385 
4317 4523 
3378 3276 
4098 844 
3998 4360 
498 2001 
3020 4467 
5145 3317 
3021 3541 
982 2461 
2017 989 
4212 4811 
2537 1456 
5202 5330 
355 4702 
1777 5366 
5433 5182 
5294 4893 
2670 2950 
499 4630 
4006 2917 
3388 558 
1549 5368 
1996 412 
709 1917 
5428 989 
4182 3703 
3709 31 
3467 1956 
885 4848 
1127 3796 
1923 3390 
368 1064 
1115 51 
2901 5206 
1301 825 
5327 5124 
5409 1781 
3573 5466 
4393 3895 
4641 1332 
3211 367 
3425 4528 
2231 2277 
98 2447 
1110 3925 
3656 3573 
1512 963 
1148 3832 
853 1712 
1055 4553 
525 304 
2958 4096 
833 1469 
1418 4139 
4279 2478 
2482 3876 
4712 606 
3723 2619 
504 2391 
978 2487 
4261 3647 
270 5187 
3689 3626 
3974 3550 
4155 3712 
417 678 
1981 3740 
3435 2632 
1972 4549 
1930 5419 
2897 3438 
2462 5184 
515 555 
2228 5467 
3589 3191 
5363 3288 
2620 4777 
531 2802 
486 4626 
580 4284 
3556 1495 
848 3578 
2137 4438 
4019 828 
2164 3080 
2473 1638 
2893 4445 
244 3015 
1327 2449 
426 630 
2822 4143 
925 4555 
3035 1335 
4144 5090 
3755 1414 
866 1734 
1633 1197 
1700 1303 
3851 1248 
3372 1139 
3417 1608 
596 178 
4712 1680 
2601 851 
4810 3388 
1035 2715 
3270 728 
62 5094 
2155 4782 
3872 5437 
1659 3082 
3481 2160 
4311 1898 
5210 254 
1288 5083 
1275 3053 
1080 4843 
189 1252 
5370 3462 
4278 4759 
3844 2581 
1009 2567 
125 3978 
2060 2708 
5233 1033 
5370 2694 
738 1081 
2273 4311 
2700 2756 
395 2877 
915 3480 
1336 4604 
1300 4701 
3758 3266 
4104 3249 
4931 943 
3498 3169 
887 4998 
4364 2886 
2980 3807 
742 854 
1233 1805 
4301 294 
3850 1542 
404 3172 
1275 749 
4192 2043 
833 2541 
2995 5357 
2769 1009 
5094 3150 
1258 1449 
4564 752 
4844 580 
4496 3991 
99 2662 
4409 3493 
2634 3868 
4663 4492 
4674 1216 
385 2752 
686 184 
5023 4674 
4482 4238 
2162 5085 
3084 43 
3367 2585 
1274 4202 
460 4488 
4312 3597 
1177 2461 
4480 617 
4840 5315 
733 889 
1785 3810 
4633 391 
1930 1719 
5481 92 
663 2418 
3043 3631 
5216 4604 
1749 1377 
4315 4811 
1057 159 
4638 4437 
5293 4240 
4013 4833 
3358 5411 
812 4007 
113 3383 
638 3294 
1212 1134 
2961 158 
2009 1990 
830 1049 
612 740 
774 630 
2022 3106 
3152 721 
5055 1421 
2317 2934 
2241 2128 
1772 560 
5241 4018 
1142 3457 
2306 5094 
1829 3337 
410 3047 
883 1323 
5434 4396 
3597 2267 
3916 4528 
5454 5041 
1399 1766 
1628 3745 
2023 4404 
1176 570 
1465 3597 
5099 1463 
926 294 
5305 1922 
715 1585 
1510 2135 
3941 5379 
2769 1533 
2542 4870 
4861 24 
4662 1445 
4299 3148 
4232 4891 
716 4158 
2788 113 
1011 3084 
5103 1095 
3417 1725 
2477 828 
4749 486 
1951 4648 
2804 1084 
2517 2897 
421 2873 
2679 2702 
2018 3952 
3169 2821 
2943 2380 
5156 2131 
1325 4806 
3280 225 
5028 764 
5195 2248 
4497 2355 
806 4703 
3407 1050 
4685 1238 
1587 2222 
2959 2766 
4480 885 
2840 5356 
987 3373 
337 1418 
450 4899 
686 4671 
2692 4966 
1703 2516 
2939 5315 
942 3813 
1541 400 
2305 4470 
3324 1148 
4244 269 
2145 3374 
2248 5002 
639 3953 
3424 5141 
5172 4680 
4255 2223 
665 138 
3557 5408 
1935 666 
3175 4702 
2650 2459 
4487 2865 
2285 2068 
4030 1678 
1356 1769 
2524 310 
4881 1211 
3148 458 
4245 1086 
3843 2714 
1715 2234 
3946 4538 
3622 1049 
3132 4252 
5284 3139 
3204 3083 
1805 1771 
4088 1423 
419 2392 
783 2671 
1950 454 
2067 329 
3838 2310 
24 3720 
280 1758 
3439 5024 
3001 646 
2054 396 
4431 2935 
1577 56 
3397 5138 
2933 1009 
4010 4284 
790 4577 
5095 4156 
729 2089 
46 4885 
998 5002 
4872 4187 
2748 452 
3535 1996 
2830 2992 
2466 229 
3187 1548 
2902 73 
1194 2762 
885 4006 
4484 3570 
1201 3668 
5078 2681 
4042 1388 
3343 871 
4871 74 
658 3045 
5139 5204 
1307 3236 
3069 1839 
3960 1399 
4485 5274 
964 3039 
3023 2941 
1830 351 
1837 588 
5110 5385 
5480 1418 
3263 3986 
3126 5341 
987 763 
4343 2852 
2580 2893 
3034 822 
3395 757 
3475 1167 
889 2736 
3139 4676 
4790 1062 
3250 4283 
4557 3606 
5195 1721 
2883 4991 
640 5423 
312 5331 
1152 3907 
1793 4041 
4468 2016 
285 744 
3821 1024 
4482 2693 
4190 2862 
4107 3556 
5441 3193 
3628 1765 
4908 389 
3611 591 
4850 5282 
1652 964 
3583 2447 
3798 2321 
551 3272 
3408 1899 
4868 1467 
1965 5400 
3229 441 
5397 1817 
3821 5210 
3820 4460 
3204 1320 
2372 2300 
179 4711 
1312 3544 
341 4370 
4324 502 
228 381 
2735 3566 
4728 2928 
2017 929 
4939 2996 
1071 3891 
1429 1455 
4388 2448 
4249 4794 
2160 3771 
2709 2770 
1785 4771 
4523 5400 
4502 4165 
3376 1453 
3588 2213 
3790 1109 
4827 4827 
331 4674 
4474 1022 
1860 4850 
4366 1535 
2887 2645 
1074 2666 
4959 641 
3937 1398 
1812 956 
2663 1277 
95 1181 
3712 5383 
4942 1428 
1193 27 
215 4618 
3220 4489 
4004 3837 
3869 4716 
1105 2795 
3248 5285 
467 10 
1643 1974 
5027 3318 
1771 5010 
590 2139 
3670 2183 
1948 401 
43 3996 
2089 3775 
1704 3289 
1569 2338 
5023 142 
3328 2741 
3588 988 
1599 2678 
1377 87 
5386 888 
2754 5107 
1299 1747 
2514 3082 
3631 3990 
4510 24 
2455 4254 
1339 2652 
4047 188 
2639 2376 
5011 2973 
832 1778 
4958 5215 
2691 5468 
5427 4391 
780 4023 
1653 318 
3947 664 
5435 1244 
673 191 
1005 3681 
4821 293 
4640 2045 
4995 2689 
176 2342 
3369 3607 
471 2829 
4541 3787 
3209 5160 
319 4655 
39 4694 
5222 5315 
1202 4452 
1270 1930 
3218 5316 
3123 2313 
1761 5396 
3365 4657 
4274 87 
2119 802 
3207 728 
1037 3437 
1149 5002 
2255 2550 
4847 1503 
1717 1200 
5420 670 
4276 2424 
1187 5049 
4369 5279 
2005 3056 
4881 1099 
865 3027 
2077 564 
1206 779 
4249 536 
1812 258 
5393 437 
1353 364 
2826 5345 
239 2322 
1725 2866 
4998 946 
4913 2977 
5424 3056 
4967 565 
281 1221 
513 3578 
3845 3329 
5424 1841 
3457 1096 
744 5154 
1451 5084 
581 3728 
2665 4594 
1060 1340 
100 4726 
5256 1841 
3561 2701 
1809 4471 
3575 2289 
4371 4985 
4419 962 
1635 5342 
5115 1737 
3911 570 
1823 4098 
4322 4297 
302 1043 
3884 4035 
5277 3727 
1785 4851 
4321 593 
2195 3968 
5260 2747 
2450 4717 
5106 4558 
2258 1199 
1145 1639 
855 4022 
2334 5243 
2087 2015 
4096 2622 
3358 344 
144 822 
2684 3539 
763 5160 
1007 2947 
439 3438 
1163 4155 
2883 42 
2107 4635 
1293 4318 
3834 521 
3415 1569 
2760 2769 
1084 3318 
2264 1645 
3601 4714 
3354 5392 
4546 4327 
683 2659 
426 2111 
308 2676 
2053 331 
4235 646 
3115 3468 
2102 1036 
4106 1513 
57 1851 
2437 2944 
2526 3373 
698 1427 
465 1741 
4996 1704 
3959 292 
281 2517 
1153 1327 
3288 1065 
401 3605 
1397 2712 
5389 1542 
2084 2550 
4437 68 
3249 3090 
4031 2378 
4138 125 
2740 5106 
925 179 
5451 3405 
2806 3275 
3143 856 
0 1343 
318 1812 
5296 2680 
5012 5334 
236 2305 
2291 5217 
2721 2228 
4526 4402 
2494 3551 
3344 1901 
4566 2060 
5071 2238 
155 4579 
3767 758 
5045 2523 
2172 3435 
2713 2982 
157 229 
928 2070 
3810 4335 
3019 192 
3663 4500 
431 5373 
4596 2436 
145 2689 
5146 4732 
1971 4630 
3702 1561 
4191 3041 
2953 2341 
2025 5436 
4515 5374 
2874 4480 
3116 3968 
3947 4011 
5331 755 
3342 2771 
3477 4301 
957 4488 
4144 1045 
5315 1733 
4236 2098 
5411 2444 
1148 2453 
2486 2173 
1269 496 
3743 4352 
4185 5130 
5310 1560 
3405 4034 
3811 4624 
1498 314 
1096 3676 
1215 5428 
2916 3866 
5443 3044 
1274 3377 
5000 3011 
4263 4410 
3301 4579 
5149 864 
2210 2301 
3826 4767 
1634 131 
5089 697 
4443 1400 
2109 1944 
4939 14 
5396 2513 
3895 4060 
2671 535 
3994 492 
2967 1756 
4524 3506 
3671 4239 
1215 3031 
1710 4572 
4551 3250 
1669 4494 
3814 3534 
4490 2835 
1898 3303 
4775 4107 
4687 4060 
643 5214 
3184 393 
2140 1449 
2204 3343 
972 771 
5278 2841 
2674 2099 
3268 1855 
3235 3278 
1462 4989 
1297 4823 
2659 1628 
4222 2057 
2938 4349 
41 4017 
2483 2294 
5125 632 
3284 1142 
2106 4562 
4823 5376 
1230 1154 
5228 626 
4268 1073 
1327 3002 
2618 4638 
624 3956 
4200 3952 
1187 3275 
2606 2824 
2334 4388 
3629 1987 
5424 1087 
1052 4359 
2080 4707 
5252 1408 
3944 1416 
5357 825 
2812 5167 
181 4333 
198 1907 
464 1070 
3683 1751 
3932 813 
2301 4471 
981 249 
2738 4119 
3830 501 
2215 3606 
4200 302 
2781 5049 
68 2073 
2291 939 
3538 4461 
2885 3713 
3843 1016 
5141 4375 
198 3556 
3172 4705 
1217 2340 
2242 981 
1527 591 
288 1964 
324 3358 
2658 4063 
4418 4343 
4177 2483 
898 2610 
2678 2039 
3285 3659 
2588 4868 
2765 3355 
4748 2506 
2003 3060 
83 4971 
2476 3028 
3257 1867 
167 3161 
150 4735 
3604 4757 
4924 4705 
1408 1070 
4450 4169 
4029 139 
869 1593 
5336 4272 
671 5166 
1443 5437 
1762 3950 
2385 140 
5195 4337 
3212 4804 
80 3867 
856 1794 
1051 46 
1173 4976 
2072 2136 
4712 4579 
4208 4677 
4402 2667 
3009 3520 
5257 4199 
2084 5041 
3017 980 
4719 1195 
4086 4287 
1031 2886 
251 5248 
2579 119 
2531 463 
770 3172 
3575 2423 
5304 1297 
3934 1594 
2879 3548 
1356 376 
2044 2536 
2345 2009 
4555 523 
3391 4094 
4808 4052 
1915 4966 
3793 605 
4926 3814 
737 47 
1333 912 
1556 2943 
4529 4132 
84 4054 
2289 5342 
3259 2336 
5237 5048 
508 446 
3 2019 
1571 2986 
4681 4631 
4046 2965 
4911 4478 
667 3452 
1212 4845 
5035 3148 
3817 3528 
2184 3040 
3359 5050 
347 639 
2860 2526 
4589 4242 
1942 2943 
2001 3259 
2885 2821 
3818 2177 
4656 1152 
2554 3794 
674 2919 
4095 1003 
2775 45 
472 4840 
147 3077 
2923 877 
4147 3035 
625 2698 
2585 4166 
1485 3120 
2807 2915 
515 1471 
1213 4176 
145 4385 
4662 1439 
2512 2750 
992 2441 
862 164 
940 4990 
4175 1239 
2289 2810 
427 4482 
317 3655 
645 3636 
5322 1090 
2213 2886 
4751 3030 
919 2791 
3848 2745 
1350 5261 
3844 3522 
4293 2298 
3764 2848 
40 2169 
3821 2720 
5109 2789 
3320 2094 
3762 3414 
441 3369 
1970 4785 
70 4132 
437 3758 
446 4185 
836 221 
3407 3971 
1174 3788 
4727 759 
3706 2678 
1196 2565 
1381 4322 
4647 4376 
44 1410 
4655 5469 
256 3354 
2445 1921 
2105 594 
360 4673 
4536 752 
680 354 
563 4977 
3899 3918 
3435 856 
1350 1382 
4196 4936 
3964 3575 
4041 2804 
2259 4786 
2084 1773 
1107 2181 
3641 2385 
3396 3249 
3689 174 
3251 3652 
4750 1210 
1748 976 
642 3332 
3761 2994 
1857 2923 
488 965 
527 328 
2426 508 
188 1377 
860 2680 
3731 4061 
2921 3948 
4880 1481 
880 40 
4229 3350 
4587 513 
319 4700 
800 5315 
2163 5001 
4287 1384 
437 319 
1353 3123 
1208 599 
3533 1121 
943 4788 
4418 3364 
797 4541 
2531 2007 
4607 5454 
2859 4157 
4678 3774 
3556 3316 
3507 3590 
3587 5152 
2181 5253 
3636 1021 
2564 1176 
4867 844 
3417 2392 
5218 1086 
926 978 
923 1116 
3610 4666 
5173 2571 
4020 231 
4788 3952 
3769 1019 
4182 1805 
2077 2611 
887 4285 
1695 3919 
2730 3596 
3915 3166 
4319 2065 
2944 3889 
3271 2003 
4015 2020 
1427 236 
48 1619 
4638 4387 
504 4177 
4534 1934 
2471 3790 
4628 1292 
2087 172 
3589 2911 
2604 4225 
5150 673 
2837 80 
3603 1279 
1333 4585 
1744 1746 
4895 2760 
3014 1136 
3305 3898 
5133 2105 
328 2275 
3006 3293 
2799 957 
560 1719 
2958 3564 
3839 2751 
1487 1863 
1354 585 
759 1931 
4792 2369 
1026 3937 
1501 724 
2967 4298 
1094 3132 
5415 2663 
3560 2235 
2044 3117 
4984 2209 
5090 2046 
4125 5287 
747 3430 
5099 2694 
1563 4605 
4372 1489 
4337 3883 
1737 4137 
1338 4845 
1953 3753 
4788 2909 
3585 1980 
2447 3505 
185 5452 
2588 516 
3988 2926 
2856 544 
2722 1164 
4555 3622 
1244 3206 
4738 1137 
958 235 
105 1981 
44 4782 
1447 4564 
1530 4780 
735 1313 
4687 1485 
4993 359 
2193 1807 
1238 392 
4139 4104 
2919 3943 
5445 2358 
547 448 
4833 3789 
4562 1227 
557 3465 
2640 171 
961 2761 
4235 692 
2362 344 
2268 2176 
236 890 
4063 3632 
1388 2775 
4201 5073 
110 4060 
3085 744 
3689 4499 
5220 4181 
5368 2417 
3847 4116 
1614 194 
427 438 
1383 138 
754 1541 
5400 4220 
4997 2115 
2194 1068 
2810 942 
1844 1933 
2881 1209 
2763 4 
1242 796 
4901 5005 
2141 4337 
1905 900 
4739 941 
1690 2982 
3264 2035 
2577 3563 
980 4982 
1298 298 
2221 4748 
2946 1613 
3569 380 
3481 3506 
3620 2174 
3951 4614 
789 4156 
2016 4873 
4277 3234 
2383 4602 
1594 1826 
440 2950 
2452 5375 
5181 1652 
4238 3171 
1180 1410 
5481 1556 
1329 3287 
945 465 
2432 1423 
164 496 
2892 4590 
216 286 
186 4081 
3665 5436 
1131 1329 
1789 2869 
4021 1707 
1572 3653 
2418 2826 
4192 4243 
2016 1061 
2601 1962 
1760 3321 
2615 4684 
2015 2406 
2475 239 
4045 1259 
929 767 
2168 337 
1178 953 
105 1935 
5345 4475 
2383 609 
2769 2021 
2621 709 
3544 2026 
743 3140 
3591 1534 
5186 1961 
313 1690 
2597 4492 
3346 3893 
1530 1827 
696 2173 
5233 5102 
1814 3812 
3962 3031 
5066 720 
1357 3045 
3095 934 
5041 1312 
212 5426 
4060 3596 
639 4158 
3719 4882 
2608 5397 
3212 4897 
5332 3792 
1290 210 
4253 2065 
440 2867 
5287 567 
1316 256 
588 1330 
3623 1549 
824 168 
5120 2808 
3575 1925 
5281 2049 
4807 1109 
1847 4573 
4121 4799 
1400 2315 
3799 3202 
3823 3502 
4161 32 
4182 2360 
1458 4174 
2460 1272 
5037 4497 
1824 3922 
5394 2797 
1515 4402 
3930 1626 
4481 2869 
1350 4352 
2264 2826 
2856 2791 
4230 4655 
145 2280 
482 4708 
433 1724 
3281 2313 
1748 2944 
557 2545 
3871 4862 
3799 1625 
4169 587 
4525 4647 
3604 3333 
1477 146 
4838 4546 
1541 3437 
1619 206 
4195 583 
2136 151 
756 967 
2573 470 
977 1381 
4881 890 
4818 3291 
324 3116 
4346 2866 
1867 3191 
3208 274 
1704 696 
2012 3447 
1079 3838 
214 5345 
4481 3202 
1144 689 
4158 3913 
3868 1427 
5427 4309 
2154 3151 
1672 258 
707 2524 
4587 3183 
4243 1059 
1682 3796 
4660 4814 
2668 4207 
5194 375 
392 4302 
4233 4349 
3992 1379 
810 4463 
5112 2223 
3353 4 
1014 2146 
1061 1016 
4442 3117 
3795 3979 
2601 3014 
3295 611 
4501 2192 
1416 4793 
2105 4575 
1491 2359 
2114 5293 
2387 650 
905 3233 
5262 3040 
4454 776 
5229 3634 
1318 4745 
3588 2408 
2723 2196 
2066 433 
3821 213 
5478 880 
5382 4519 
4301 2815 
3331 5314 
242 273 
2830 1886 
1357 3721 
1593 5466 
4806 4543 
4797 1867 
2535 2270 
418 721 
4297 110 
2245 4200 
4020 940 
37 4780 
1423 1373 
5097 4200 
3787 3879 
1203 3073 
2184 2813 
2963 669 
2762 425 
870 2214 
26 1500 
242 3921 
992 3916 
4318 1583 
4557 1932 
4175 1303 
632 4124 
3166 1828 
1386 5165 
2772 3931 
3361 4660 
2495 798 
3183 2665 
3031 1971 
839 4290 
4287 969 
908 4449 
1212 1519 
3689 3363 
4661 5090 
2726 1244 
5336 5243 
2725 4670 
114 4594 
2381 2029 
3891 636 
283 3396 
2176 1682 
1756 3647 
3915 1005 
343 4922 
5264 3065 
3439 3382 
4970 4341 
4212 530 
4219 5028 
2241 2336 
4081 2150 
4685 1551 
1349 2508 
4913 4121 
3420 4165 
2144 5054 
4806 51 
3420 5406 
287 1385 
758 2699 
5194 4461 
2535 3341 
3402 2263 
4635 4848 
756 2599 
1813 3018 
3068 2010 
1443 5243 
4577 2550 
552 3478 
4600 841 
3068 3628 
2723 2310 
5307 4266 
4899 3785 
1042 1012 
2978 4525 
2008 3900 
2853 1970 
1010 3058 
104 5409 
5304 4053 
2730 652 
96 3924 
4984 1572 
2282 4785 
4337 3478 
4713 5355 
600 825 
3404 4883 
5299 1889 
4740 313 
1655 2253 
3158 4326 
473 4780 
4517 1605 
2685 2917 
581 2938 
1716 2804 
3404 1268 
2789 975 
2768 1892 
4916 4649 
1934 2648 
3769 2439 
5382 3029 
718 2561 
2148 3617 
2821 4487 
1690 1366 
624 4941 
797 3890 
3267 5082 
1437 2801 
4473 1318 
817 31 
4953 5413 
782 4230 
611 3596 
330 2291 
4815 2086 
1980 4635 
2512 2669 
5003 1421 
4483 3905 
2661 237 
4845 4150 
5372 5455 
3463 91 
1175 1384 
1543 5098 
4506 5283 
5412 2427 
609 4608 
1315 3798 
1739 1999 
4067 2545 
3620 1904 
4499 1821 
1965 2341 
5067 4405 
1695 1567 
2638 2264 
524 5246 
841 1864 
921 767 
4612 5383 
4002 3319 
3109 2856 
1184 2534 
2822 2327 
204 2722 
2829 3149 
364 5238 
4590 2708 
1439 2815 
1775 859 
2281 5345 
2673 3183 
5105 1348 
2061 1180 
1825 4537 
4889 652 
4967 2562 
4182 1312 
3367 2252 
2941 2914 
173 4079 
3383 236 
3747 1505 
4680 4602 
5096 1547 
4028 2219 
2313 3477 
397 1918 
986 2057 
3888 996 
2448 5289 
5338 3781 
5161 4647 
5381 4385 
5185 2335 
3186 1271 
2997 2138 
4350 680 
1724 107 
183 2113 
4455 3468 
1207 5359 
145 1509 
1553 5238 
1542 3393 
1743 697 
5280 3167 
715 694 
1947 1234 
2777 836 
1050 1046 
2669 193 
3069 602 
1393 998 
3158 3089 
444 4033 
574 3081 
4064 2905 
1863 3334 
5202 2636 
2086 1169 
3653 3322 
2632 3928 
3078 5000 
5320 2760 
1030 2555 
1321 2338 
4797 4473 
62 1229 
237 4038 
272 5307 
1357 468 
1962 4568 
4941 2782 
5339 2876 
351 3863 
5024 3514 
4048 1174 
1429 2529 
4617 2928 
1086 2401 
2720 3554 
512 4461 
3677 1741 
2764 2190 
3801 2173 
1787 2013 
4078 4117 
2196 1302 
3939 324 
475 354 
532 1615 
4263 4689 
3960 3285 
1731 321 
4498 1719 
3873 1427 
1108 403 
5120 5457 
4477 4895 
4982 3089 
4265 5 
3448 4485 
1924 1932 
3703 3284 
4281 4209 
455 5461 
370 590 
3800 2304 
2590 2595 
2803 4802 
1725 5272 
1918 4710 
2057 2637 
3216 46 
293 3041 
4994 5398 
883 3363 
2899 3845 
62 1251 
2314 4879 
3199 4171 
3929 3759 
5126 714 
81 1411 
5461 36 
3927 1202 
1782 3608 
928 36 
111 4466 
1414 1940 
4753 3208 
1593 3753 
1173 1113 
1913 1482 
2046 2614 
4759 1495 
2734 4845 
5476 3024 
2021 1595 
5375 4073 
3827 2712 
765 2366 
2490 1089 
868 3758 
3531 2693 
183 617 
505 2578 
2611 2382 
7 4673 
833 4718 
1001 3280 
887 4995 
4943 2866 
5089 1735 
2272 1157 
4265 1237 
2790 308 
3329 2725 
4522 748 
2641 687 
2560 3566 
1524 733 
2759 4255 
4634 3346 
3472 336 
5272 3647 
1361 4236 
5176 979 
1579 4566 
1323 3727 
2396 1314 
1425 3124 
5102 1983 
1377 2794 
647 2231 
2392 396 
601 2954 
3606 79 
934 2525 
1221 3679 
4381 537 
3031 5151 
1778 4204 
4601 3330 
445 2073 
4992 4148 
1948 3696 
2356 1175 
2805 3492 
2290 3881 
2306 1576 
26 5259 
2971 89 
3932 3795 
5270 4686 
90 2627 
723 2345 
2477 5326 
4089 2413 
2334 1286 
5277 4709 
2971 3031 
3256 1874 
2003 3848 
2139 4135 
3270 3787 
2674 5273 
4123 2148 
1663 3361 
1782 3953 
3481 5157 
990 3976 
3896 5315 
3219 4013 
1778 4222 
138 1559 
5406 474 
5110 1908 
5313 3228 
241 3168 
3460 5142 
5412 4711 
706 4505 
3565 0 
3601 2936 
1356 1179 
2853 4117 
697 4225 
4606 1885 
2622 378 
595 2691 
2113 2490 
1008 585 
4649 2273 
1778 1767 
1244 1981 
1833 3464 
3657 816 
3830 4840 
3198 1561 
3194 5255 
3786 3104 
1802 1790 
1299 3591 
2363 2793 
2062 3266 
1356 3680 
4103 3775 
2133 547 
751 5330 
1112 5374 
4164 1478 
3967 2224 
4482 2122 
640 2549 
4114 1411 
4800 818 
1198 4265 
1496 4614 
4760 1068 
485 3109 
2038 700 
4158 1929 
1695 4648 
4406 2445 
96 1518 
2846 824 
166 1086 
4916 4535 
144 2433 
3352 3736 
3280 2123 
4243 1361 
245 3584 
5179 5135 
1629 3834 
2684 439 
3743 1278 
1568 2488 
1144 540 
2428 728 
2917 150 
2502 1705 
1906 3896 
1995 4318 
270 2712 
1609 4657 
1367 3624 
2367 2303 
1095 1 
2282 5364 
5424 5038 
4030 488 
2355 4969 
3356 742 
685 1724 
2028 2114 
1236 5054 
3355 5266 
3013 4824 
493 4498 
4509 1057 
459 991 
1118 2262 
4796 5354 
2178 704 
861 3868 
956 4487 
2763 2407 
3696 5299 
3586 4730 
1870 2114 
3709 792 
4583 1104 
2668 64 
2057 3260 
3284 1802 
2938 1442 
1183 303 
138 2171 
1684 3220 
3995 2414 
1082 1853 
4222 337 
4078 5164 
4022 3549 
1930 1705 
1775 418 
4274 4203 
1493 1538 
178 2621 
4930 2447 
959 437 
4886 5061 
3468 4475 
3853 3884 
2526 16 
4910 3032 
3684 358 
1438 4811 
4966 5091 
995 1532 
5046 2371 
2215 1082 
3375 2719 
2664 340 
1523 130 
773 4357 
4611 3296 
3987 2413 
5172 588 
4676 2441 
3929 993 
5176 1334 
3615 61 
1225 2170 
3100 3070 
377 666 
2255 4933 
1258 3911 
82 3963 
322 3403 
1266 3527 
5009 1738 
2979 356 
1190 3700 
4954 1564 
656 931 
3408 3767 
2953 2752 
1670 4536 
2602 4259 
1185 3432 
1716 4738 
2634 1021 
3925 1764 
2443 4894 
4898 2148 
2339 1639 
2125 812 
4058 5100 
509 128 
89 1794 
1842 1249 
428 4346 
4310 2654 
2755 1136 
4317 2654 
5227 3695 
5237 2581 
304 4290 
5137 2608 
2876 3292 
5020 134 
2124 1905 
1807 2648 
4681 111 
2046 1754 
4812 2843 
140 1815 
3593 3944 
3199 5449 
299 1054 
2251 1535 
5347 3555 
1858 3106 
3468 4605 
4299 2334 
2247 3519 
1563 3971 
2501 4813 
3157 2589 
5137 3002 
2438 4414 
3127 4530 
2439 4026 
2479 1489 
5113 4916 
2353 1946 
1430 1716 
2408 2807 
3834 1886 
5348 1928 
707 4306 
2272 1621 
1374 4426 
5174 4934 
3790 949 
2548 2462 
595 584 
2688 326 
4011 937 
5195 2253 
504 4320 
2587 2857 
843 4145 
5443 1269 
1608 969 
2234 3540 
2107 3056 
2504 5068 
2887 2704 
225 3642 
2225 3914 
5359 2852 
759 4968 
5062 2020 
2338 1170 
1159 3480 
867 921 
3423 61 
3439 1786 
5120 4855 
3442 5420 
2132 281 
4790 2315 
4944 4044 
2073 3809 
4793 2390 
154 1770 
667 2947 
4696 1708 
2662 2126 
4375 862 
2702 3713 
4632 997 
2601 2184 
3425 1812 
4971 2752 
3464 2761 
1315 2611 
1863 4806 
1932 650 
2590 903 
5104 1051 
4431 4534 
3495 2613 
2584 3826 
4479 4789 
3586 4266 
4332 5215 
3593 1713 
5290 1663 
4048 1336 
5457 448 
1000 3892 
4727 998 
1115 5204 
597 1900 
4329 3703 
4758 5374 
1278 3906 
5334 5060 
1903 4937 
2357 50 
1605 2878 
3220 749 
32 2052 
4140 3408 
2855 2006 
3258 2092 
896 2807 
1402 4225 
3281 2895 
3246 4871 
2487 3869 
3934 3548 
2242 5227 
830 5072 
699 1965 
2416 5322 
3095 629 
851 3208 
3664 3722 
819 563 
2927 1810 
242 287 
3812 5258 
4298 3426 
3379 1874 
4879 4046 
5378 4069 
5160 335 
1553 2800 
4314 2978 
3948 3296 
1623 4308 
2953 2818 
4366 2510 
660 4735 
4354 313 
535 2447 
134 3384 
1970 409 
4552 3519 
2379 4937 
4298 738 
2919 1215 
2492 380 
1117 3950 
3265 1602 
4254 257 
1635 1295 
2388 2566 
145 3740 
3988 5109 
2834 5313 
112 1051 
4856 459 
1324 3482 
3273 4422 
4235 2022 
2698 511 
536 1611 
2791 3968 
3389 5176 
4198 3724 
2701 4695 
2867 5215 
2380 3556 
5221 4882 
219 3397 
3817 1871 
2710 4448 
1146 3915 
5432 4167 
2177 3410 
357 4375 
2563 1476 
3410 4311 
2467 25 
2537 3314 
3462 4716 
2763 4491 
1910 4954 
5209 1012 
582 3660 
951 839 
4746 1245 
4892 1009 
3058 4657 
4455 4201 
1667 2348 
1028 2016 
2011 1952 
1363 4352 
2104 2788 
1861 2362 
5058 3451 
4602 4617 
5070 4723 
1799 1446 
4485 5132 
1307 2737 
1892 3754 
2240 2538 
5333 2197 
195 3254 
1546 950 
2964 4008 
4568 3133 
3400 1342 
74 185 
2444 3699 
2669 5096 
5266 2958 
4623 1679 
1565 1140 
3835 1530 
4867 4508 
542 2136 
1024 3782 
5179 5013 
4543 3742 
109 3902 
1109 415 
1075 1666 
3112 3777 
2972 4109 
123 3499 
265 3181 
3581 256 
2162 3507 
4122 242 
3653 4882 
257 1262 
5194 4920 
2957 5096 
3471 590 
2261 4075 
1791 2980 
1955 1401 
5367 742 
2249 5406 
3701 2573 
404 4763 
4008 4868 
3683 485 
2786 4474 
1510 851 
3489 5094 
3347 5169 
772 1887 
2245 1847 
3070 4525 
2534 5260 
611 3763 
3606 805 
3672 1768 
2475 1174 
1479 3472 
441 1241 
1105 4971 
4317 4083 
3559 2282 
1352 1712 
5437 4955 
5451 5384 
3227 1864 
184 523 
59 3894 
3553 4235 
2300 2949 
2501 1829 
3668 5222 
1285 4996 
3833 1266 
728 5145 
550 4334 
4288 1830 
2411 3651 
4793 766 
2340 4512 
920 3200 
686 1014 
2950 4892 
2814 1042 
4798 5087 
4302 2405 
2352 4299 
2417 1346 
3536 2371 
3828 2136 
3071 4473 
717 2650 
1522 4635 
1354 3757 
5315 3791 
2884 4763 
4699 3977 
4135 4422 
5131 2852 
2340 2099 
2696 3808 
5398 246 
1852 1182 
2320 2406 
4170 1138 
2612 3493 
2083 482 
2509 1953 
4653 3503 
3824 1405 
5060 2506 
1139 1912 
986 5391 
4297 2847 
450 731 
390 638 
2219 3575 
4686 5390 
2137 3205 
3940 4985 
4904 4388 
1406 527 
203 2864 
3896 3916 
2535 2744 
5141 4349 
291 1832 
874 1460 
1623 3256 
4702 1821 
5027 5098 
1421 2402 
2585 297 
627 2609 
338 2031 
2634 3345 
1658 1215 
4360 4308 
3103 2428 
2515 1640 
3018 5480 
4967 2726 
5279 4931 
1122 513 
448 3300 
1655 4653 
3312 139 
3920 4581 
3349 1184 
847 52 
254 3400 
1239 3700 
5451 3675 
4202 1531 
1056 4564 
5037 3100 
482 1638 
4302 4754 
672 3817 
1675 4654 
759 5343 
3724 4242 
2124 3630 
4056 2575 
1825 3978 
2230 120 
2822 4174 
5231 1194 
1167 1575 
3344 1999 
4911 5309 
516 5257 
2581 3891 
4012 1782 
4594 3140 
2231 4287 
1113 61 
2987 2427 
1111 4415 
4786 190 
25 3798 
1655 5348 
2403 751 
1783 4232 
1696 4079 
468 2863 
2010 3334 
4483 2487 
1408 2407 
81 723 
3214 4960 
3796 911 
3512 5442 
4861 659 
2392 2441 
4696 1775 
689 1826 
1722 982 
122 3048 
4042 981 
3526 2680 
1653 3261 
184 1690 
541 2572 
3788 1473 
3103 3142 
4350 5154 
3686 4326 
238 5443 
5406 542 
3227 5050 
1030 3507 
938 1760 
3027 1128 
731 4881 
5287 40 
141 4479 
2441 1135 
2640 955 
531 1884 
4895 4664 
1324 1085 
3013 4507 
4979 4217 
379 5112 
3616 4613 
4099 3391 
3447 3494 
3206 3856 
4430 5289 
1774 919 
406 3326 
3923 4072 
4344 5255 
4513 1614 
1252 2803 
4229 4873 
3589 2723 
1097 2612 
4541 339 
4062 4732 
4285 1155 
1609 4479 
2551 4570 
3907 5366 
355 887 
3581 2475 
58 777 
5202 3853 
17 3066 
1035 2461 
199 509 
2436 4463 
5385 800 
271 1343 
502 2261 
2156 5323 
1542 4996 
4358 3965 
3660 2204 
709 1954 
710 1595 
38 229 
3087 661 
4009 260 
1827 3473 
2431 3625 
2618 4256 
2799 624 
788 3725 
2607 801 
4103 3607 
2130 2416 
2926 3813 
4098 3588 
3539 4880 
842 4563 
3300 41 
675 252 
4334 4614 
473 3348 
5226 4090 
937 4947 
3561 359 
3727 3865 
567 364 
4826 4657 
5429 698 
3066 4326 
2539 3096 
552 1412 
197 2538 
4929 3800 
862 3749 
3122 2433 
4563 2165 
4976 1999 
2498 2208 
3392 2819 
4129 5033 
5479 2611 
5304 4044 
184 1780 
1581 1223 
4761 1028 
5217 3356 
1397 4369 
4863 3475 
4297 1544 
4834 5363 
1791 2206 
2781 2245 
3517 1592 
1331 1913 
1343 2975 
4591 2268 
659 3052 
2934 3500 
905 4790 
4686 5144 
2007 1206 
4533 3853 
4460 4137 
3663 5085 
3810 606 
2837 5040 
71 3228 
3801 3005 
5362 882 
882 4839 
4746 485 
5392 640 
4649 511 
82 4909 
4117 2841 
1361 4429 
2865 5269 
3337 2837 
1275 4730 
1850 962 
4238 4690 
1705 2818 
580 4970 
4395 3610 
2154 1186 
4562 3010 
342 119 
1859 3903 
3200 3862 
3542 4714 
2015 3508 
1591 4997 
3933 5201 
91 4518 
3979 588 
733 3933 
3842 2844 
4912 5429 
5276 1963 
3564 5441 
4782 4963 
2213 4379 
2921 2035 
179 785 
2723 1930 
4310 2070 
1003 618 
4005 2632 
1464 1977 
1285 462 
2698 4225 
1855 1545 
1890 5197 
5287 2904 
5325 2929 
4240 221 
1717 4022 
4956 4150 
3206 68 
1900 3876 
3309 1281 
2147 2441 
4126 1939 
4833 3353 
4220 1636 
3676 2100 
249 666 
5291 4598 
2997 4741 
1808 888 
3466 1645 
186 570 
5088 106 
4864 1848 
3992 753 
485 4932 
1052 3829 
2165 3120 
16 1061 
734 5109 
198 1832 
2967 596 
337 1816 
257 4692 
5102 3077 
5021 4599 
3259 3817 
955 3571 
3147 2192 
4146 4001 
348 3396 
3312 163 
2100 3612 
5061 397 
2003 5009 
4570 2889 
5460 5010 
2360 3635 
1488 1625 
4941 1704 
2151 2195 
4703 4063 
2625 2065 
901 5399 
3297 4879 
5454 3743 
2426 3523 
2258 659 
2868 4287 
3082 1032 
988 153 
3427 1575 
3809 3822 
4335 1776 
2090 2508 
969 4227 
2218 1120 
5017 4109 
4141 2384 
896 1114 
889 4071 
3205 1347 
3923 1173 
3374 4435 
3601 925 
3933 4857 
428 847 
3834 3633 
777 4307 
1277 5316 
1200 1842 
2835 3013 
4212 3369 
402 1154 
3480 363 
2835 680 
3492 4424 
2841 4212 
3942 3702 
324 5262 
924 1844 
1040 2822 
1471 3470 
4892 5033 
323 3034 
4340 1364 
1508 4627 
4960 5142 
2483 3501 
5033 2699 
5359 2769 
5208 919 
3970 2761 
4577 3154 
4907 1603 
1675 3128 
720 1178 
5031 4238 
1708 4372 
1854 528 
3308 5201 
2229 4537 
1827 2421 
4698 783 
2153 4157 
2504 2618 
4097 4125 
2401 1571 
3092 5167 
4751 2969 
1887 3214 
3029 1262 
2512 105 
1335 884 
3374 1885 
2332 5464 
4286 3231 
1557 4255 
3435 3842 
2269 3158 
5075 3949 
5172 2468 
2542 4623 
1984 5372 
200 67 
4796 2826 
5480 3425 
2560 3294 
5322 1972 
2183 1010 
5448 1104 
1047 4812 
2079 4931 
3396 4862 
458 5008 
3961 3081 
5431 578 
4017 701 
3609 3945 
2115 4271 
4296 2451 
4604 3762 
527 3330 
2340 736 
3083 1498 
3631 2542 
3346 3022 
704 3809 
5142 5397 
4431 1643 
3632 2833 
2255 4811 
2601 2864 
2070 2680 
1366 1781 
5138 4437 
2518 4490 
406 2702 
1623 3192 
2097 5297 
1098 570 
489 1813 
3609 1927 
1093 2106 
4670 2839 
2303 5087 
264 785 
5347 1125 
452 2786 
3826 1503 
4441 2489 
2506 2301 
1510 3308 
4318 215 
2972 2725 
3145 889 
2167 2337 
3636 3739 
3144 1492 
4549 2150 
1389 3566 
5333 1340 
4679 5415 
867 5376 
839 1595 
1260 88 
3054 5184 
387 716 
910 4688 
972 3280 
3724 4494 
2271 1500 
2140 5421 
1786 1359 
5079 5399 
2651 1139 
1257 4872 
53 2191 
1982 400 
3036 5312 
223 1097 
3245 5356 
1568 2144 
1296 1385 
4110 558 
2363 1915 
54 2651 
3026 4756 
5194 382 
5091 1152 
2127 3396 
3366 3132 
2540 3070 
1574 642 
4484 3820 
3576 2199 
4743 4361 
4172 5008 
3626 3143 
3304 3896 
4959 3192 
5284 4353 
4714 3567 
1333 1306 
4798 2141 
5348 1495 
1929 3770 
3874 211 
1933 3189 
5161 139 
3229 2550 
5176 3797 
2628 1508 
1251 100 
4636 3909 
2511 224 
4312 580 
4344 2478 
3804 205 
4461 4243 
1793 5361 
3398 4702 
752 1761 
2875 1324 
4088 3368 
1001 2871 
3320 2612 
1928 1354 
1401 2230 
2485 5224 
3811 3451 
4657 3357 
3353 4849 
4490 4067 
2657 5112 
2560 3448 
5178 1156 
1231 2117 
1192 1829 
2354 1750 
4106 5408 
1315 1413 
3491 1956 
3663 2646 
5218 5042 
1689 3618 
3614 1535 
2828 473 
3371 2911 
151 279 
3898 1564 
3565 253 
5221 3893 
3794 409 
3527 3474 
2701 1392 
5005 3365 
1594 5394 
1879 2254 
3277 4108 
3410 206 
4335 1732 
3373 5328 
292 261 
2814 2924 
1953 4055 
2725 4450 
5461 4259 
5182 4404 
3486 1179 
5354 995 
1380 5159 
2783 4069 
2445 4669 
2464 4656 
2856 1805 
3314 1333 
3695 2337 
3598 1248 
4312 5059 
2664 4827 
126 512 
4515 2109 
2537 4767 
1435 5006 
56 3513 
2800 369 
501 4116 
4022 775 
2093 593 
3536 5458 
4734 3614 
3673 2891 
2630 2808 
183 5035 
5197 4609 
1711 3719 
2740 2146 
1977 550 
735 1784 
4517 4147 
5242 3441 
3491 901 
2378 2032 
2734 4963 
86 3329 
3267 495 
1070 3802 
1614 3429 
809 2152 
2991 5434 
2572 4154 
961 4827 
3529 4467 
4153 2801 
1590 1267 
2227 4755 
4683 1162 
2032 4797 
925 2655 
4807 5057 
3151 1223 
2319 1038 
3656 2179 
5392 1749 
5190 1587 
3214 2980 
2353 2252 
1392 27 
4197 4464 
295 1069 
3439 3880 
862 355 
3493 966 
3613 217 
411 4664 
1343 2775 
5147 1474 
1482 5414 
1709 3891 
3613 797 
818 2399 
135 2741 
1996 5351 
4736 2610 
917 1389 
4961 5343 
4746 2757 
2520 2009 
892 1752 
1135 5176 
2374 5093 
5113 1513 
1441 2860 
1429 381 
3983 2233 
1330 2665 
3674 28 
4177 4229 
2489 3332 
432 3698 
1637 2006 
1947 4259 
1322 4127 
2782 5448 
729 1263 
135 3398 
3583 5287 
3805 5469 
4763 1187 
3037 2078 
2507 958 
2122 1473 
1357 4660 
3491 5097 
199 4536 
4867 4567 
3219 4078 
5286 4788 
1717 5076 
3373 3798 
4358 3539 
4394 3249 
5313 4733 
5103 722 
2329 619 
5229 4027 
1658 1063 
935 183 
1905 3543 
933 2674 
451 2814 
1169 3505 
429 690 
4970 5419 
2269 2858 
5317 3651 
4166 4823 
1853 5232 
5430 2101 
4497 4008 
4386 2138 
1643 1771 
3043 3587 
2719 355 
1194 3808 
2799 1726 
2376 3199 
3653 984 
2654 1993 
4238 2567 
2307 3285 
2924 2610 
336 255 
4119 1878 
549 4658 
3209 412 
626 401 
3106 274 
367 78 
1820 1141 
2129 230 
4871 178 
3087 1635 
1901 593 
4904 1583 
4425 2846 
2411 2632 
3909 4178 
3961 948 
1880 1284 
2045 3263 
5442 2146 
4499 482 
1027 906 
1891 4162 
4864 2575 
1688 5073 
4999 4924 
422 4406 
2501 4935 
343 4051 
1537 175 
172 1607 
465 2889 
5139 2637 
4040 3119 
390 935 
876 3783 
3740 3854 
121 1798 
983 1460 
3959 190 
1469 861 
2175 2960 
4667 5242 
2112 3463 
1562 2233 
561 1595 
4315 2355 
4392 3677 
3107 193 
3792 1600 
1846 3169 
3799 2652 
1151 1716 
964 4327 
4951 271 
4536 5388 
4087 2847 
4122 2082 
3432 4493 
2711 829 
1626 1460 
3099 1650 
4267 124 
1884 5092 
347 520 
2217 2190 
4752 2292 
5064 2917 
1118 5145 
1443 4832 
131 3142 
4231 3172 
2532 3732 
4193 4858 
3786 2200 
4159 397 
4007 4413 
2721 2126 
2693 2678 
3168 3649 
301 3211 
5390 60 
1450 2919 
186 2838 
532 1816 
2357 1243 
4224 2243 
1413 751 
2682 2298 
4672 3813 
2570 3119 
3189 3864 
3100 2521 
1332 4706 
1120 3386 
26 2619 
5056 2095 
5357 4565 
5004 2171 
4165 3614 
4595 5265 
1066 498 
4649 2317 
2242 2978 
99 4251 
3108 4238 
3085 2670 
3768 105 
4259 2222 
1381 3166 
1661 3131 
1239 353 
1358 1619 
3740 2730 
741 2882 
975 2894 
301 1825 
5060 3544 
3297 840 
1790 3297 
2988 1556 
17 4354 
415 1083 
1234 594 
1648 2856 
3502 690 
4871 1195 
1728 3189 
2504 2810 
3378 882 
2039 3782 
1682 563 
5335 5378 
5399 2771 
5177 1800 
4468 4097 
3253 299 
5003 754 
1291 3971 
1727 1486 
2424 4832 
4273 4652 
4490 4492 
2450 41 
656 2000 
3226 2569 
4782 1104 
795 5402 
3103 4834 
5258 4656 
125 2672 
3287 1364 
207 1717 
5384 4986 
3096 5440 
2001 1949 
4175 2508 
1561 4801 
3579 1763 
1806 179 
4425 4755 
2022 2181 
2060 4727 
3180 4234 
2766 3646 
3042 5114 
1281 1849 
4596 1028 
3065 587 
2308 1106 
1681 159 
1285 5446 
4289 2395 
2160 3197 
3406 4565 
3875 5311 
4664 2962 
1341 1810 
2088 370 
2806 4461 
5172 3835 
1523 3739 
3133 5139 
3409 3267 
1022 2881 
3562 2691 
816 1298 
4205 3460 
2465 964 
2599 4862 
3674 1602 
4 753 
2792 5284 
1684 3153 
3935 1817 
2035 3093 
1079 832 
5415 4592 
4191 2488 
2124 4152 
4974 4748 
4021 2293 
2710 1983 
4702 4667 
4029 4087 
2161 2295 
796 3478 
2790 4928 
3842 3669 
899 665 
2552 4495 
1033 2839 
4949 4591 
2719 457 
4181 5384 
1368 131 
3046 592 
4687 2412 
13 1452 
713 3986 
1301 2952 
115 3939 
1626 2132 
2198 38 
4334 3075 
5441 2352 
3218 1676 
2025 170 
2788 2739 
131 5477 
3635 4258 
2129 1506 
1953 910 
1076 4047 
890 769 
3209 5058 
4748 1629 
3895 1409 
2678 2198 
586 1291 
108 1744 
3908 358 
5248 2750 
3289 3551 
3520 4462 
4014 3270 
4308 1260 
1470 5269 
1611 5299 
4896 1968 
2586 4599 
490 1316 
231 242 
2486 1456 
1233 1752 
653 2675 
5099 3637 
2543 5165 
435 3778 
1840 4320 
2293 2160 
124 3516 
750 1672 
1955 4750 
4288 3787 
1435 2068 
4923 891 
3085 4215 
2706 5297 
341 1139 
4353 1481 
1242 4490 
1859 894 
2652 2939 
3032 1516 
2339 2261 
159 3663 
4962 1449 
2979 5451 
405 4300 
1490 1214 
3418 4038 
3216 447 
2937 55 
4021 741 
4841 100 
1815 4329 
4671 3699 
1070 5431 
2168 334 
263 852 
5181 3085 
1705 1545 
4106 4860 
1107 1214 
4349 4027 
2625 4837 
2033 2909 
4671 4222 
5163 426 
437 2914 
2308 1403 
5172 3777 
3494 4203 
2630 2768 
5315 2751 
5405 2037 
3402 222 
3016 3673 
5002 1830 
341 2354 
4732 605 
970 1776 
3037 2777 
3908 676 
719 4353 
92 778 
112 2232 
1321 2923 
782 1640 
2903 4896 
3313 4311 
349 38 
740 4762 
2570 1115 
5290 5071 
933 2614 
2958 2439 
930 344 
1473 5210 
5050 4789 
1205 2264 
3975 1165 
2188 1202 
707 3203 
1728 2590 
1450 5 
4177 5073 
3573 158 
1865 4671 
4954 2952 
4327 3040 
4920 1051 
2335 4527 
1366 4592 
2686 3208 
2599 4590 
3451 31 
4376 1527 
3689 458 
3026 845 
2951 4616 
34 3124 
5412 4850 
4149 1503 
1076 4463 
585 1787 
5154 943 
1688 2411 
1326 3719 
4471 414 
943 2222 
1803 2175 
3856 444 
1935 4773 
1276 4732 
2716 774 
2554 4449 
51 5230 
2955 756 
178 3043 
545 2443 
5236 4592 
4082 1582 
3747 1702 
5450 3324 
1033 5253 
54 710 
1514 3776 
589 2363 
4550 3369 
3471 5018 
1889 1075 
3385 5322 
4008 5378 
4597 1655 
5243 1093 
2091 2083 
3095 2976 
1124 3591 
5048 4788 
2334 2721 
748 273 
1917 2509 
4810 480 
4769 3033 
191 191 
1718 3933 
4824 2777 
3034 364 
4534 2029 
2188 4968 
4421 1713 
1051 1028 
4315 2190 
4975 2343 
1781 2509 
4545 1198 
4572 702 
5017 2590 
331 178 
4159 3829 
1335 4435 
2784 1090 
155 5391 
2915 1753 
1973 4446 
3464 607 
4883 4792 
625 2183 
2488 2689 
5433 3498 
3110 1758 
4506 3159 
1278 2834 
3986 3635 
2531 4128 
5036 510 
999 3975 
3853 1835 
1261 473 
416 3408 
3513 4430 
4584 5146 
1090 5342 
4518 3476 
515 1708 
948 4216 
3183 4107 
3881 2677 
3695 2137 
5132 571 
1637 1402 
4481 2102 
3963 4579 
3663 2658 
3485 1068 
2055 4019 
2781 3260 
420 1176 
3452 1691 
1773 5216 
2843 802 
2628 299 
3944 970 
4873 1888 
3344 1273 
4601 4096 
4016 4014 
2320 5430 
3219 5178 
928 681 
4982 1200 
2226 3221 
3476 2319 
43 1610 
1466 93 
3878 3806 
97 3282 
331 3704 
2950 88 
1469 853 
5462 1379 
647 3378 
1908 1733 
798 3127 
5188 3675 
1300 4930 
4198 4444 
2652 798 
4977 2473 
4129 639 
5437 4264 
3223 2674 
4929 56 
4246 668 
3164 5450 
3023 4372 
2262 1621 
2190 4239 
660 2848 
965 3756 
1659 3615 
2685 5000 
1101 5266 
552 1046 
4225 1526 
3910 3466 
1322 3853 
3095 897 
5365 1247 
2311 1467 
622 3193 
4058 4661 
1361 3039 
2454 4105 
4360 5414 
795 2712 
2816 3600 
1629 4344 
821 4308 
3270 705 
1443 120 
3915 3016 
5379 4331 
61 5044 
4645 4584 
2812 5368 
4634 2752 
1907 3776 
798 4936 
518 5473 
4461 4089 
2245 397 
2464 5027 
2590 2349 
1487 2213 
1527 540 
3573 2592 
2252 45 
4727 834 
1369 3833 
855 2390 
1843 2872 
2070 3928 
1308 1066 
1595 3100 
2635 3276 
2031 594 
4946 4260 
370 420 
5420 1511 
1752 4562 
2400 1397 
4889 4856 
2137 5150 
1732 1028 
3882 3224 
2074 607 
4298 5005 
3528 1262 
1412 507 
779 482 
3643 5135 
1683 4518 
786 2986 
831 530 
3253 2915 
58 1040 
5020 1070 
471 5073 
3256 3402 
1792 1388 
2621 2555 
5395 1030 
1776 3526 
3198 2489 
1763 3665 
1122 470 
2699 4968 
4166 3014 
822 3895 
3156 1029 
2298 2229 
3657 1343 
138 5280 
3964 5363 
2074 4934 
2566 3967 
4482 2299 
158 430 
4642 4944 
4099 3032 
5119 542 
711 2081 
121 1134 
1530 3581 
5009 3717 
4234 1006 
3304 3405 
4921 3544 
4495 4640 
3418 5157 
3053 2860 
845 3584 
883 1353 
3445 4791 
4581 2863 
42 1124 
537 3320 
965 3815 
4534 3635 
3608 1229 
4464 3299 
5292 1500 
2349 5324 
2674 942 
3357 5056 
5460 5163 
303 1263 
554 383 
1534 3928 
5194 2018 
1291 1573 
2466 823 
3313 1402 
3971 5253 
1089 260 
3014 2405 
2621 4716 
407 1516 
4369 5406 
2843 1485 
2464 232 
2793 2807 
5354 4643 
3739 2111 
3537 3634 
1111 4338 
4277 2909 
4850 3675 
2867 3057 
1319 1179 
3257 2107 
4663 4200 
1419 705 
4780 3467 
3380 4991 
1933 3402 
575 5281 
991 663 
2790 5350 
3751 5095 
2432 1853 
1885 1118 
2647 3722 
3294 5401 
112 2146 
1658 4452 
5018 5097 
2495 1405 
1686 1295 
3787 1470 
5456 2491 
1834 139 
5130 2834 
2984 451 
3530 4621 
3806 230 
2841 4581 
3202 3752 
4052 792 
60 1694 
861 2903 
3579 2364 
2575 4100 
2823 2882 
3635 5477 
1819 1352 
3610 3696 
1637 60 
3440 2 
1770 1718 
624 2814 
1822 1584 
2580 2178 
3967 1075 
4734 537 
263 2002 
108 4039 
765 103 
4711 4271 
51 2502 
3694 3766 
2857 5368 
3985 1294 
2894 5447 
150 2312 
1998 3071 
5447 1301 
4029 1040 
3781 4038 
2158 2246 
4548 1638 
1373 3492 
2780 1029 
3845 1631 
4807 688 
3114 327 
4583 2452 
1463 1663 
2077 4593 
641 2954 
2199 5396 
814 4134 
4326 112 
1596 5183 
3217 1606 
4812 1743 
213 3437 
4766 3714 
576 3254 
1086 3559 
1346 5224 
1571 5093 
3172 23 
4286 5280 
1734 1116 
2351 5417 
3159 4341 
3450 4807 
4982 2094 
3351 4142 
4672 1311 
232 1794 
3789 5338 
5040 3214 
546 405 
2836 705 
2031 1008 
1102 3748 
154 395 
31 2089 
5426 3337 
3751 1015 
3339 4465 
1138 3486 
598 1552 
3053 688 
5240 1750 
5242 12 
2387 1096 
4740 4565 
3535 4884 
1173 403 
5257 3560 
2526 848 
1477 1082 
966 4687 
1885 3079 
4906 1304 
2142 713 
1204 1664 
4221 1702 
5126 1255 
3952 2689 
5288 1509 
4344 3841 
298 2398 
903 2484 
